2 0.5911458333333334 0.6614583333333334 0.078125 0.09244791666666667
4 0.57421875 0.359375 0.026041666666666668 0.049479166666666664
4 0.62890625 0.3541666666666667 0.026041666666666668 0.048177083333333336
4 0.5729166666666666 0.3046875 0.024739583333333332 0.046875
4 0.625 0.2994791666666667 0.0234375 0.046875
4 0.6002604166666666 0.3580729166666667 0.026041666666666668 0.046875
4 0.5989583333333334 0.30078125 0.022135416666666668 0.045572916666666664
0 0.734375 0.4557291666666667 0.078125 0.12369791666666667
3 0.56640625 0.5703125 0.015625 0.02734375
3 0.6158854166666666 0.4635416666666667 0.016927083333333332 0.03125
3 0.5989583333333334 0.5494791666666666 0.014322916666666666 0.026041666666666668
3 0.5533854166666666 0.5052083333333334 0.015625 0.028645833333333332
3 0.6302083333333334 0.52734375 0.015625 0.028645833333333332
3 0.5807291666666666 0.4856770833333333 0.015625 0.02734375