0 0.7473958333333334 0.64453125 0.09765625 0.13411458333333334
3 0.4856770833333333 0.62109375 0.026041666666666668 0.052083333333333336
3 0.51171875 0.6263020833333334 0.024739583333333332 0.05078125
3 0.4596354166666667 0.6236979166666666 0.0234375 0.052083333333333336
2 0.6796875 0.4088541666666667 0.016927083333333332 0.02734375
3 0.48828125 0.6809895833333334 0.026041666666666668 0.049479166666666664
2 0.6471354166666666 0.4114583333333333 0.01953125 0.029947916666666668
3 0.515625 0.6809895833333334 0.026041666666666668 0.05078125
1 0.5924479166666666 0.66796875 0.07682291666666667 0.09895833333333333
3 0.4557291666666667 0.67578125 0.026041666666666668 0.05078125
2 0.6458333333333334 0.3411458333333333 0.016927083333333332 0.028645833333333332
2 0.7122395833333334 0.4010416666666667 0.018229166666666668 0.036458333333333336
2 0.7122395833333334 0.3372395833333333 0.018229166666666668 0.029947916666666668
2 0.6744791666666666 0.3385416666666667 0.018229166666666668 0.029947916666666668