0 0.765625 0.6223958333333334 0.07682291666666667 0.13932291666666666
4 0.57421875 0.3541666666666667 0.024739583333333332 0.046875
4 0.62890625 0.40625 0.026041666666666668 0.05078125
4 0.6015625 0.40625 0.024739583333333332 0.049479166666666664
4 0.5729166666666666 0.4075520833333333 0.026041666666666668 0.049479166666666664
4 0.59765625 0.3515625 0.022135416666666668 0.045572916666666664
4 0.62890625 0.35546875 0.028645833333333332 0.046875
3 0.6302083333333334 0.55078125 0.018229166666666668 0.029947916666666668
3 0.5651041666666666 0.5533854166666666 0.018229166666666668 0.032552083333333336
3 0.59765625 0.6223958333333334 0.018229166666666668 0.02734375
3 0.5638020833333334 0.6236979166666666 0.01953125 0.029947916666666668
2 0.4739583333333333 0.4583333333333333 0.06770833333333333 0.0859375
3 0.5989583333333334 0.5533854166666666 0.015625 0.026041666666666668
3 0.6328125 0.62109375 0.013020833333333334 0.02734375