2 0.7291666666666666 0.3333333333333333 0.061197916666666664 0.140625
0 0.6067708333333334 0.3606770833333333 0.08463541666666667 0.13932291666666666
4 0.6458333333333334 0.5325520833333334 0.0234375 0.044270833333333336
4 0.5911458333333334 0.5559895833333334 0.022135416666666668 0.045572916666666664
4 0.4817708333333333 0.6015625 0.020833333333333332 0.046875
4 0.6380208333333334 0.6536458333333334 0.0234375 0.041666666666666664
1 0.6106770833333334 0.7356770833333334 0.0234375 0.041666666666666664
1 0.61328125 0.69140625 0.022135416666666668 0.040364583333333336
1 0.5807291666666666 0.734375 0.022135416666666668 0.0390625
1 0.5833333333333334 0.6861979166666666 0.020833333333333332 0.0390625
3 0.5052083333333334 0.64453125 0.015625 0.02734375
3 0.4739583333333333 0.7760416666666666 0.014322916666666666 0.0234375
1 0.5755208333333334 0.7825520833333334 0.01953125 0.03515625
3 0.453125 0.7083333333333334 0.014322916666666666 0.026041666666666668
3 0.484375 0.67578125 0.013020833333333334 0.028645833333333332
3 0.5325520833333334 0.7044270833333334 0.015625 0.02734375
3 0.5013020833333334 0.734375 0.014322916666666666 0.022135416666666668
1 0.6080729166666666 0.7877604166666666 0.024739583333333332 0.041666666666666664