2 0.5533854166666666 0.62890625 0.08072916666666667 0.09765625
0 0.7161458333333334 0.6471354166666666 0.08984375 0.1328125
4 0.53125 0.4375 0.0234375 0.046875
4 0.4934895833333333 0.3528645833333333 0.024739583333333332 0.046875
4 0.4947916666666667 0.44140625 0.0234375 0.049479166666666664
4 0.5260416666666666 0.3880208333333333 0.024739583333333332 0.046875
4 0.4973958333333333 0.3958333333333333 0.02734375 0.044270833333333336
4 0.5234375 0.3450520833333333 0.0234375 0.045572916666666664
3 0.6770833333333334 0.4088541666666667 0.016927083333333332 0.029947916666666668
3 0.7096354166666666 0.3372395833333333 0.018229166666666668 0.028645833333333332
3 0.6432291666666666 0.34375 0.016927083333333332 0.028645833333333332
3 0.6458333333333334 0.4127604166666667 0.01953125 0.03125
3 0.7109375 0.4010416666666667 0.018229166666666668 0.033854166666666664
3 0.67578125 0.33984375 0.016927083333333332 0.028645833333333332