0 0.74609375 0.6432291666666666 0.09635416666666667 0.13932291666666666
2 0.5546875 0.62890625 0.078125 0.09505208333333333
4 0.5833333333333334 0.3697916666666667 0.024739583333333332 0.046875
4 0.5338541666666666 0.37109375 0.024739583333333332 0.044270833333333336
4 0.5338541666666666 0.4283854166666667 0.024739583333333332 0.049479166666666664
4 0.58984375 0.4244791666666667 0.026041666666666668 0.048177083333333336
4 0.5572916666666666 0.3697916666666667 0.0234375 0.045572916666666664
3 0.6432291666666666 0.3424479166666667 0.018229166666666668 0.029947916666666668
4 0.5611979166666666 0.4322916666666667 0.024739583333333332 0.048177083333333336
3 0.7122395833333334 0.4036458333333333 0.015625 0.03515625
3 0.6484375 0.4114583333333333 0.01953125 0.029947916666666668