4 0.5104166666666666 0.6223958333333334 0.026041666666666668 0.052083333333333336
4 0.4856770833333333 0.6171875 0.024739583333333332 0.052083333333333336
4 0.515625 0.6770833333333334 0.02734375 0.05078125
4 0.48828125 0.6783854166666666 0.026041666666666668 0.049479166666666664
4 0.4596354166666667 0.6197916666666666 0.0234375 0.049479166666666664
2 0.59375 0.6588541666666666 0.07682291666666667 0.09635416666666667
4 0.4557291666666667 0.6731770833333334 0.026041666666666668 0.048177083333333336
0 0.7356770833333334 0.4583333333333333 0.078125 0.12109375
3 0.5533854166666666 0.44140625 0.018229166666666668 0.03515625
3 0.58984375 0.5091145833333334 0.015625 0.03125
3 0.5546875 0.5104166666666666 0.018229166666666668 0.032552083333333336
3 0.62109375 0.4388020833333333 0.01953125 0.03125
3 0.58984375 0.4388020833333333 0.014322916666666666 0.026041666666666668
3 0.625 0.5078125 0.014322916666666666 0.033854166666666664