2 0.4739583333333333 0.5559895833333334 0.0703125 0.09505208333333333
0 0.7604166666666666 0.6197916666666666 0.0859375 0.13151041666666666
4 0.6263020833333334 0.4049479166666667 0.02734375 0.052083333333333336
4 0.5729166666666666 0.4088541666666667 0.026041666666666668 0.05078125
4 0.6197916666666666 0.3580729166666667 0.024739583333333332 0.048177083333333336
4 0.5729166666666666 0.35546875 0.024739583333333332 0.046875
4 0.5963541666666666 0.3502604166666667 0.0234375 0.045572916666666664
4 0.5989583333333334 0.4075520833333333 0.026041666666666668 0.05078125
3 0.5651041666666666 0.625 0.020833333333333332 0.03125
3 0.5651041666666666 0.5533854166666666 0.018229166666666668 0.032552083333333336
3 0.6302083333333334 0.5520833333333334 0.018229166666666668 0.03125
3 0.59765625 0.6223958333333334 0.016927083333333332 0.028645833333333332
3 0.59765625 0.5533854166666666 0.016927083333333332 0.029947916666666668
3 0.6315104166666666 0.6236979166666666 0.016927083333333332 0.029947916666666668