2 0.4752604166666667 0.5546875 0.07161458333333333 0.09505208333333333
4 0.5677083333333334 0.3958333333333333 0.026041666666666668 0.049479166666666664
4 0.62109375 0.3932291666666667 0.026041666666666668 0.05078125
4 0.5924479166666666 0.3385416666666667 0.024739583333333332 0.044270833333333336
4 0.56640625 0.3411458333333333 0.024739583333333332 0.046875
4 0.5950520833333334 0.3958333333333333 0.026041666666666668 0.048177083333333336
0 0.734375 0.45703125 0.07682291666666667 0.12369791666666667
3 0.5651041666666666 0.6171875 0.020833333333333332 0.029947916666666668
3 0.5651041666666666 0.5481770833333334 0.01953125 0.03125
3 0.6276041666666666 0.546875 0.01953125 0.03125
3 0.5989583333333334 0.6158854166666666 0.016927083333333332 0.02734375
4 0.6223958333333334 0.3385416666666667 0.024739583333333332 0.045572916666666664
3 0.62890625 0.6158854166666666 0.01953125 0.029947916666666668
3 0.5950520833333334 0.5481770833333334 0.016927083333333332 0.03125