2 0.6341145833333334 0.3138020833333333 0.07552083333333333 0.09765625
4 0.68359375 0.60546875 0.0234375 0.040364583333333336
4 0.42578125 0.3971354166666667 0.022135416666666668 0.041666666666666664
0 0.8294270833333334 0.5846354166666666 0.09114583333333333 0.12760416666666666
4 0.6419270833333334 0.6575520833333334 0.022135416666666668 0.0390625
4 0.5143229166666666 0.37109375 0.016927083333333332 0.037760416666666664
4 0.4713541666666667 0.3736979166666667 0.020833333333333332 0.041666666666666664
4 0.7447916666666666 0.3346354166666667 0.022135416666666668 0.040364583333333336
1 0.4505208333333333 0.5078125 0.01953125 0.040364583333333336
1 0.4505208333333333 0.6263020833333334 0.018229166666666668 0.033854166666666664
3 0.5078125 0.6888020833333334 0.013020833333333334 0.0234375
1 0.4388020833333333 0.546875 0.01953125 0.036458333333333336
3 0.5208333333333334 0.625 0.014322916666666666 0.026041666666666668
1 0.421875 0.5872395833333334 0.01953125 0.03515625
1 0.4778645833333333 0.5455729166666666 0.01953125 0.033854166666666664
1 0.4622395833333333 0.5833333333333334 0.01953125 0.037760416666666664
3 0.5807291666666666 0.6666666666666666 0.015625 0.02734375
3 0.5546875 0.6471354166666666 0.014322916666666666 0.0234375
3 0.57421875 0.73046875 0.014322916666666666 0.022135416666666668
3 0.5455729166666666 0.7161458333333334 0.014322916666666666 0.024739583333333332