2 0.4713541666666667 0.40234375 0.0546875 0.14583333333333334
0 0.76171875 0.6197916666666666 0.08463541666666667 0.13151041666666666
4 0.609375 0.4622395833333333 0.02734375 0.046875
4 0.6419270833333334 0.4583333333333333 0.026041666666666668 0.046875
4 0.6028645833333334 0.3671875 0.024739583333333332 0.046875
4 0.63671875 0.3619791666666667 0.024739583333333332 0.048177083333333336
4 0.6041666666666666 0.4166666666666667 0.02734375 0.04296875
4 0.6393229166666666 0.41015625 0.02734375 0.045572916666666664
3 0.5651041666666666 0.6236979166666666 0.01953125 0.029947916666666668
3 0.5651041666666666 0.5520833333333334 0.016927083333333332 0.029947916666666668
3 0.62890625 0.55078125 0.018229166666666668 0.03125
3 0.59765625 0.6223958333333334 0.015625 0.02734375
3 0.59765625 0.5520833333333334 0.016927083333333332 0.029947916666666668
3 0.6315104166666666 0.6223958333333334 0.016927083333333332 0.029947916666666668