2 0.59375 0.6575520833333334 0.07552083333333333 0.09635416666666667
4 0.4869791666666667 0.6171875 0.024739583333333332 0.053385416666666664
4 0.5091145833333334 0.62109375 0.024739583333333332 0.052083333333333336
4 0.515625 0.6744791666666666 0.026041666666666668 0.05078125
4 0.4908854166666667 0.67578125 0.024739583333333332 0.048177083333333336
4 0.4583333333333333 0.671875 0.0234375 0.048177083333333336
4 0.4609375 0.6197916666666666 0.0234375 0.049479166666666664
3 0.5364583333333334 0.4283854166666667 0.016927083333333332 0.032552083333333336
0 0.734375 0.45703125 0.07682291666666667 0.125
3 0.5703125 0.4270833333333333 0.015625 0.029947916666666668
3 0.6015625 0.3567708333333333 0.016927083333333332 0.033854166666666664
3 0.53515625 0.3606770833333333 0.018229166666666668 0.033854166666666664
3 0.6067708333333334 0.4270833333333333 0.015625 0.032552083333333336
3 0.5677083333333334 0.359375 0.014322916666666666 0.02734375