4 0.6106770833333334 0.65234375 0.026041666666666668 0.052083333333333336
0 0.7630208333333334 0.6197916666666666 0.08333333333333333 0.13020833333333334
4 0.6106770833333334 0.58984375 0.024739583333333332 0.049479166666666664
4 0.6419270833333334 0.640625 0.026041666666666668 0.052083333333333336
4 0.5833333333333334 0.6536458333333334 0.026041666666666668 0.0546875
4 0.5833333333333334 0.5924479166666666 0.0234375 0.048177083333333336
4 0.6380208333333334 0.58984375 0.024739583333333332 0.05078125
2 0.6041666666666666 0.3723958333333333 0.06510416666666667 0.14973958333333334
3 0.46875 0.4453125 0.016927083333333332 0.032552083333333336
3 0.5390625 0.4427083333333333 0.018229166666666668 0.032552083333333336
3 0.5338541666666666 0.375 0.016927083333333332 0.028645833333333332
3 0.4700520833333333 0.3802083333333333 0.014322916666666666 0.028645833333333332
3 0.6393229166666666 0.4466145833333333 0.020833333333333332 0.037760416666666664
3 0.5013020833333334 0.3776041666666667 0.015625 0.026041666666666668
3 0.5026041666666666 0.4440104166666667 0.016927083333333332 0.03125