0 0.6940104166666666 0.7369791666666666 0.08072916666666667 0.13151041666666666
3 0.5078125 0.5403645833333334 0.014322916666666666 0.0234375
3 0.4765625 0.5416666666666666 0.014322916666666666 0.020833333333333332
3 0.4427083333333333 0.5403645833333334 0.014322916666666666 0.0234375
4 0.6002604166666666 0.484375 0.0234375 0.04296875
4 0.4674479166666667 0.375 0.018229166666666668 0.040364583333333336
3 0.5052083333333334 0.4700520833333333 0.014322916666666666 0.024739583333333332
3 0.4440104166666667 0.46875 0.014322916666666666 0.0234375
3 0.4765625 0.4700520833333333 0.013020833333333334 0.022135416666666668
4 0.6549479166666666 0.4765625 0.022135416666666668 0.044270833333333336
1 0.5533854166666666 0.2591145833333333 0.020833333333333332 0.040364583333333336
1 0.5859375 0.3411458333333333 0.020833333333333332 0.037760416666666664
1 0.5677083333333334 0.3046875 0.020833333333333332 0.037760416666666664
1 0.52734375 0.2903645833333333 0.01953125 0.037760416666666664
1 0.5390625 0.3229166666666667 0.026041666666666668 0.040364583333333336
1 0.5533854166666666 0.3684895833333333 0.022135416666666668 0.044270833333333336