2 0.45703125 0.7083333333333334 0.07421875 0.09895833333333333
4 0.58984375 0.5455729166666666 0.0234375 0.044270833333333336
4 0.63671875 0.63671875 0.022135416666666668 0.041666666666666664
4 0.4466145833333333 0.5520833333333334 0.020833333333333332 0.045572916666666664
4 0.48046875 0.5859375 0.020833333333333332 0.044270833333333336
0 0.5638020833333334 0.3854166666666667 0.08463541666666667 0.13802083333333334
4 0.54296875 0.54296875 0.022135416666666668 0.04296875
1 0.7369791666666666 0.8177083333333334 0.026041666666666668 0.040364583333333336
1 0.6979166666666666 0.7239583333333334 0.022135416666666668 0.040364583333333336
1 0.7330729166666666 0.76953125 0.0234375 0.041666666666666664
1 0.7291666666666666 0.72265625 0.022135416666666668 0.040364583333333336
1 0.703125 0.8177083333333334 0.0234375 0.041666666666666664
1 0.69921875 0.7721354166666666 0.0234375 0.041666666666666664
3 0.60546875 0.7265625 0.016927083333333332 0.026041666666666668
3 0.58203125 0.77734375 0.014322916666666666 0.024739583333333332
3 0.5768229166666666 0.6861979166666666 0.014322916666666666 0.029947916666666668
3 0.5325520833333334 0.7786458333333334 0.014322916666666666 0.0234375
3 0.5625 0.82421875 0.013020833333333334 0.0234375
3 0.5520833333333334 0.7278645833333334 0.01953125 0.03515625