2 0.4609375 0.46484375 0.0703125 0.15625
4 0.5963541666666666 0.5598958333333334 0.0234375 0.045572916666666664
4 0.6848958333333334 0.60546875 0.0234375 0.041666666666666664
4 0.4869791666666667 0.60546875 0.020833333333333332 0.048177083333333336
4 0.6770833333333334 0.5091145833333334 0.024739583333333332 0.04296875
4 0.7434895833333334 0.3359375 0.024739583333333332 0.041666666666666664
0 0.8268229166666666 0.5859375 0.09114583333333333 0.12890625
4 0.6432291666666666 0.6588541666666666 0.022135416666666668 0.0390625
1 0.4192708333333333 0.79296875 0.020833333333333332 0.0390625
1 0.4361979166666667 0.7526041666666666 0.022135416666666668 0.040364583333333336
1 0.42578125 0.6770833333333334 0.020833333333333332 0.0390625
1 0.3958333333333333 0.7578125 0.020833333333333332 0.040364583333333336
3 0.5221354166666666 0.625 0.014322916666666666 0.024739583333333332
3 0.5807291666666666 0.6666666666666666 0.015625 0.02734375
1 0.41015625 0.71875 0.022135416666666668 0.041666666666666664
3 0.5065104166666666 0.6901041666666666 0.014322916666666666 0.0234375
3 0.57421875 0.7291666666666666 0.015625 0.0234375
3 0.5533854166666666 0.6484375 0.015625 0.024739583333333332
1 0.453125 0.7096354166666666 0.022135416666666668 0.037760416666666664
3 0.5377604166666666 0.7083333333333334 0.016927083333333332 0.037760416666666664