2 0.4609375 0.4635416666666667 0.07291666666666667 0.16276041666666666
4 0.5963541666666666 0.5611979166666666 0.022135416666666668 0.046875
4 0.4869791666666667 0.60546875 0.020833333333333332 0.048177083333333336
4 0.6432291666666666 0.6588541666666666 0.020833333333333332 0.040364583333333336
4 0.6822916666666666 0.6067708333333334 0.020833333333333332 0.040364583333333336
4 0.6744791666666666 0.5091145833333334 0.018229166666666668 0.040364583333333336
1 0.4192708333333333 0.7903645833333334 0.022135416666666668 0.0390625
1 0.39453125 0.7565104166666666 0.020833333333333332 0.040364583333333336
1 0.4361979166666667 0.7526041666666666 0.022135416666666668 0.041666666666666664
1 0.42578125 0.6770833333333334 0.022135416666666668 0.040364583333333336
3 0.5221354166666666 0.6236979166666666 0.014322916666666666 0.024739583333333332
3 0.58203125 0.6666666666666666 0.015625 0.026041666666666668
1 0.4114583333333333 0.7174479166666666 0.022135416666666668 0.041666666666666664
3 0.5546875 0.6484375 0.014322916666666666 0.024739583333333332
3 0.5078125 0.6888020833333334 0.014322916666666666 0.0234375
3 0.57421875 0.73046875 0.015625 0.022135416666666668
1 0.4596354166666667 0.7096354166666666 0.022135416666666668 0.037760416666666664
3 0.5377604166666666 0.7096354166666666 0.016927083333333332 0.03125