0 0.61328125 0.7786458333333334 0.07682291666666667 0.13151041666666666
4 0.5989583333333334 0.4869791666666667 0.0234375 0.045572916666666664
4 0.65625 0.4778645833333333 0.0234375 0.044270833333333336
4 0.7057291666666666 0.5260416666666666 0.0234375 0.04296875
4 0.6497395833333334 0.35546875 0.0234375 0.04296875
4 0.6940104166666666 0.4440104166666667 0.024739583333333332 0.04296875
3 0.4752604166666667 0.4713541666666667 0.013020833333333334 0.0234375
4 0.4674479166666667 0.375 0.016927083333333332 0.040364583333333336
3 0.4752604166666667 0.5416666666666666 0.014322916666666666 0.0234375
3 0.4440104166666667 0.4700520833333333 0.014322916666666666 0.0234375
3 0.4427083333333333 0.5416666666666666 0.014322916666666666 0.0234375
2 0.7513020833333334 0.3802083333333333 0.040364583333333336 0.09505208333333333
1 0.5533854166666666 0.2565104166666667 0.024739583333333332 0.037760416666666664
1 0.58984375 0.3359375 0.01953125 0.037760416666666664
1 0.5546875 0.3723958333333333 0.018229166666666668 0.03515625
1 0.56640625 0.30078125 0.022135416666666668 0.044270833333333336
1 0.5247395833333334 0.2916666666666667 0.020833333333333332 0.03515625
1 0.5403645833333334 0.3294270833333333 0.020833333333333332 0.033854166666666664