2 0.45703125 0.70703125 0.07421875 0.09895833333333333
4 0.58984375 0.5455729166666666 0.0234375 0.045572916666666664
0 0.5638020833333334 0.38671875 0.07942708333333333 0.13671875
4 0.4466145833333333 0.5520833333333334 0.020833333333333332 0.045572916666666664
4 0.63671875 0.63671875 0.022135416666666668 0.04296875
4 0.48046875 0.5859375 0.020833333333333332 0.044270833333333336
4 0.54296875 0.54296875 0.022135416666666668 0.044270833333333336
4 0.63671875 0.24088541666666666 0.022135416666666668 0.044270833333333336
1 0.72265625 0.26171875 0.022135416666666668 0.041666666666666664
3 0.58203125 0.77734375 0.014322916666666666 0.024739583333333332
3 0.60546875 0.7265625 0.016927083333333332 0.026041666666666668
1 0.7447916666666666 0.3645833333333333 0.024739583333333332 0.04296875
1 0.71484375 0.3138020833333333 0.0234375 0.040364583333333336
1 0.7057291666666666 0.3567708333333333 0.022135416666666668 0.0390625
1 0.7578125 0.2734375 0.0234375 0.040364583333333336
3 0.5768229166666666 0.6848958333333334 0.015625 0.029947916666666668
3 0.5325520833333334 0.7786458333333334 0.014322916666666666 0.024739583333333332
1 0.7513020833333334 0.31640625 0.0234375 0.037760416666666664
3 0.5638020833333334 0.82421875 0.013020833333333334 0.0234375
3 0.5546875 0.7330729166666666 0.015625 0.032552083333333336