2 0.4609375 0.46484375 0.07161458333333333 0.16015625
4 0.5963541666666666 0.5598958333333334 0.022135416666666668 0.045572916666666664
4 0.6848958333333334 0.6067708333333334 0.022135416666666668 0.041666666666666664
4 0.4869791666666667 0.60546875 0.022135416666666668 0.048177083333333336
4 0.6770833333333334 0.5052083333333334 0.0234375 0.044270833333333336
4 0.6432291666666666 0.6588541666666666 0.020833333333333332 0.0390625
1 0.4192708333333333 0.7903645833333334 0.022135416666666668 0.037760416666666664
1 0.3932291666666667 0.7565104166666666 0.020833333333333332 0.040364583333333336
3 0.5221354166666666 0.625 0.014322916666666666 0.026041666666666668
1 0.42578125 0.6770833333333334 0.022135416666666668 0.040364583333333336
1 0.4361979166666667 0.75390625 0.0234375 0.04296875
1 0.41015625 0.71875 0.0234375 0.04296875
3 0.5807291666666666 0.6666666666666666 0.015625 0.02734375
3 0.5065104166666666 0.6888020833333334 0.014322916666666666 0.024739583333333332
1 0.4518229166666667 0.7096354166666666 0.022135416666666668 0.0390625
3 0.57421875 0.73046875 0.015625 0.0234375
3 0.5546875 0.6484375 0.015625 0.026041666666666668
3 0.5364583333333334 0.7096354166666666 0.013020833333333334 0.032552083333333336