2 0.6328125 0.3138020833333333 0.078125 0.09505208333333333
4 0.5950520833333334 0.55859375 0.0234375 0.046875
4 0.67578125 0.5091145833333334 0.024739583333333332 0.044270833333333336
4 0.68359375 0.60546875 0.0234375 0.041666666666666664
4 0.7434895833333334 0.3359375 0.024739583333333332 0.040364583333333336
4 0.6419270833333334 0.6588541666666666 0.0234375 0.037760416666666664
0 0.8307291666666666 0.5846354166666666 0.08984375 0.12760416666666666
1 0.41796875 0.7916666666666666 0.020833333333333332 0.0390625
1 0.39453125 0.7604166666666666 0.020833333333333332 0.040364583333333336
3 0.5221354166666666 0.625 0.014322916666666666 0.026041666666666668
1 0.42578125 0.6770833333333334 0.022135416666666668 0.041666666666666664
1 0.4114583333333333 0.7174479166666666 0.022135416666666668 0.041666666666666664
3 0.5807291666666666 0.6666666666666666 0.015625 0.026041666666666668
1 0.4505208333333333 0.7109375 0.020833333333333332 0.0390625
1 0.44140625 0.7513020833333334 0.022135416666666668 0.0390625
3 0.57421875 0.73046875 0.014322916666666666 0.022135416666666668
3 0.5546875 0.6471354166666666 0.014322916666666666 0.022135416666666668
3 0.5065104166666666 0.6888020833333334 0.013020833333333334 0.0234375
3 0.5390625 0.7135416666666666 0.014322916666666666 0.0234375