4 0.42578125 0.3971354166666667 0.022135416666666668 0.04296875
4 0.68359375 0.60546875 0.022135416666666668 0.041666666666666664
4 0.5143229166666666 0.3671875 0.020833333333333332 0.044270833333333336
4 0.7434895833333334 0.3359375 0.0234375 0.040364583333333336
0 0.8294270833333334 0.5859375 0.09114583333333333 0.12890625
4 0.4700520833333333 0.3736979166666667 0.020833333333333332 0.044270833333333336
1 0.4505208333333333 0.5091145833333334 0.01953125 0.0390625
1 0.4778645833333333 0.5442708333333334 0.018229166666666668 0.033854166666666664
3 0.5221354166666666 0.625 0.014322916666666666 0.026041666666666668
1 0.4375 0.5481770833333334 0.01953125 0.037760416666666664
3 0.5078125 0.6888020833333334 0.013020833333333334 0.022135416666666668
1 0.4231770833333333 0.58984375 0.018229166666666668 0.03515625
1 0.4635416666666667 0.5794270833333334 0.01953125 0.03515625
3 0.58203125 0.6666666666666666 0.015625 0.026041666666666668
3 0.57421875 0.73046875 0.014322916666666666 0.0234375
3 0.5546875 0.6471354166666666 0.014322916666666666 0.022135416666666668
1 0.453125 0.6354166666666666 0.016927083333333332 0.033854166666666664
3 0.5390625 0.7109375 0.013020833333333334 0.029947916666666668