3 0.4635416666666667 0.32421875 0.015625 0.024739583333333332
3 0.4361979166666667 0.2942708333333333 0.014322916666666666 0.026041666666666668
3 0.4947916666666667 0.3541666666666667 0.015625 0.02734375
4 0.484375 0.6041666666666666 0.022135416666666668 0.044270833333333336
3 0.5104166666666666 0.2955729166666667 0.014322916666666666 0.028645833333333332
4 0.5950520833333334 0.5598958333333334 0.0234375 0.044270833333333336
4 0.6432291666666666 0.6380208333333334 0.6510416666666666 0.6510416666666666 0.6510416666666666 0.6640625 0.6484375 0.6666666666666666 0.6484375 0.671875 0.6432291666666666 0.6770833333333334 0.6354166666666666 0.6770833333333334 0.6302083333333334 0.6692708333333334 0.6302083333333334 0.6458333333333334 0.6328125 0.640625 0.640625 0.6380208333333334
4 0.6744791666666666 0.5078125 0.024739583333333332 0.04296875
4 0.7526041666666666 0.40625 0.7604166666666666 0.4192708333333333 0.7604166666666666 0.4322916666666667 0.7578125 0.4348958333333333 0.7578125 0.4401041666666667 0.7473958333333334 0.4479166666666667 0.7421875 0.4453125 0.7395833333333334 0.4401041666666667 0.7395833333333334 0.4348958333333333 0.7369791666666666 0.4322916666666667 0.7369791666666666 0.4192708333333333 0.7421875 0.4088541666666667 0.75 0.40625
4 0.7447916666666666 0.3125 0.7526041666666666 0.3255208333333333 0.7526041666666666 0.3359375 0.7447916666666666 0.3515625 0.734375 0.3515625 0.7317708333333334 0.3411458333333333 0.7291666666666666 0.3385416666666667 0.7291666666666666 0.328125 0.7317708333333334 0.3255208333333333 0.7317708333333334 0.3203125 0.7395833333333334 0.3125 0.7421875 0.3125
1 0.4244791666666667 0.6796875 0.022135416666666668 0.044270833333333336
1 0.4479166666666667 0.7135416666666666 0.022135416666666668 0.041666666666666664
1 0.4075520833333333 0.7213541666666666 0.024739583333333332 0.045572916666666664
1 0.3932291666666667 0.7565104166666666 0.022135416666666668 0.0390625
1 0.43359375 0.7513020833333334 0.024739583333333332 0.04296875
1 0.4153645833333333 0.7916666666666666 0.024739583333333332 0.04296875
2 0.453125 0.47265625 0.07682291666666667 0.16145833333333334
3 0.4869791666666667 0.2643229166666667 0.015625 0.02734375
0 0.6536458333333334 0.3203125 0.078125 0.13151041666666666