2 0.6341145833333334 0.3151041666666667 0.078125 0.09505208333333333
4 0.5963541666666666 0.5598958333333334 0.022135416666666668 0.045572916666666664
4 0.68359375 0.60546875 0.0234375 0.041666666666666664
4 0.67578125 0.5091145833333334 0.024739583333333332 0.04296875
4 0.7434895833333334 0.3359375 0.024739583333333332 0.040364583333333336
4 0.6419270833333334 0.6575520833333334 0.022135416666666668 0.0390625
0 0.8268229166666666 0.5859375 0.09114583333333333 0.12890625
1 0.4205729166666667 0.7903645833333334 0.020833333333333332 0.037760416666666664
1 0.3932291666666667 0.7591145833333334 0.01953125 0.037760416666666664
1 0.4361979166666667 0.75390625 0.022135416666666668 0.041666666666666664
1 0.42578125 0.6770833333333334 0.020833333333333332 0.040364583333333336
1 0.41015625 0.7174479166666666 0.022135416666666668 0.040364583333333336
3 0.5221354166666666 0.625 0.014322916666666666 0.026041666666666668
1 0.4518229166666667 0.7096354166666666 0.022135416666666668 0.037760416666666664
3 0.57421875 0.73046875 0.014322916666666666 0.022135416666666668
3 0.5807291666666666 0.6666666666666666 0.015625 0.026041666666666668
3 0.5065104166666666 0.6901041666666666 0.014322916666666666 0.0234375
3 0.5546875 0.6484375 0.014322916666666666 0.0234375
3 0.5390625 0.7122395833333334 0.010416666666666666 0.024739583333333332