4 0.54296875 0.42578125 0.022135416666666668 0.04296875
4 0.5143229166666666 0.3671875 0.022135416666666668 0.044270833333333336
4 0.5325520833333334 0.5403645833333334 0.022135416666666668 0.04296875
4 0.42578125 0.3971354166666667 0.0234375 0.04296875
4 0.4713541666666667 0.3736979166666667 0.020833333333333332 0.04296875
4 0.7057291666666666 0.5247395833333334 0.020833333333333332 0.04296875
1 0.4505208333333333 0.5065104166666666 0.01953125 0.0390625
3 0.5221354166666666 0.6263020833333334 0.015625 0.026041666666666668
0 0.828125 0.5833333333333334 0.08333333333333333 0.13671875
1 0.44921875 0.625 0.018229166666666668 0.033854166666666664
1 0.4778645833333333 0.5455729166666666 0.020833333333333332 0.036458333333333336
1 0.421875 0.5859375 0.01953125 0.03515625
1 0.4622395833333333 0.5794270833333334 0.01953125 0.036458333333333336
3 0.58203125 0.66796875 0.015625 0.02734375
1 0.4388020833333333 0.546875 0.020833333333333332 0.037760416666666664
3 0.5755208333333334 0.73046875 0.015625 0.0234375
3 0.5546875 0.6484375 0.015625 0.024739583333333332
3 0.5065104166666666 0.6901041666666666 0.014322916666666666 0.0234375
3 0.546875 0.7174479166666666 0.014322916666666666 0.026041666666666668