2 0.5885416666666666 0.6692708333333334 0.078125 0.09895833333333333
0 0.7434895833333334 0.6484375 0.10416666666666667 0.14453125
4 0.5338541666666666 0.3697916666666667 0.022135416666666668 0.044270833333333336
4 0.5572916666666666 0.3697916666666667 0.022135416666666668 0.048177083333333336
4 0.5859375 0.3658854166666667 0.026041666666666668 0.045572916666666664
4 0.5325520833333334 0.4270833333333333 0.024739583333333332 0.044270833333333336
4 0.5611979166666666 0.4283854166666667 0.024739583333333332 0.052083333333333336
4 0.5885416666666666 0.4192708333333333 0.022135416666666668 0.046875
3 0.6458333333333334 0.3411458333333333 0.018229166666666668 0.03125
3 0.6471354166666666 0.4114583333333333 0.018229166666666668 0.026041666666666668
3 0.7161458333333334 0.4036458333333333 0.01953125 0.03515625