2 0.58984375 0.66015625 0.08072916666666667 0.09765625
4 0.4921875 0.37890625 0.0234375 0.048177083333333336
4 0.5455729166666666 0.3671875 0.026041666666666668 0.053385416666666664
4 0.4869791666666667 0.32421875 0.024739583333333332 0.045572916666666664
4 0.5390625 0.3111979166666667 0.0234375 0.048177083333333336
4 0.51953125 0.3776041666666667 0.024739583333333332 0.049479166666666664
0 0.7369791666666666 0.4557291666666667 0.078125 0.12369791666666667
3 0.5546875 0.5377604166666666 0.015625 0.026041666666666668
4 0.5143229166666666 0.31640625 0.024739583333333332 0.044270833333333336
3 0.5533854166666666 0.4674479166666667 0.015625 0.028645833333333332
3 0.5885416666666666 0.5377604166666666 0.015625 0.024739583333333332
3 0.62109375 0.5364583333333334 0.016927083333333332 0.028645833333333332
3 0.6197916666666666 0.4661458333333333 0.015625 0.02734375
3 0.5859375 0.4674479166666667 0.014322916666666666 0.026041666666666668