2 0.7291666666666666 0.33203125 0.061197916666666664 0.14583333333333334
0 0.60546875 0.359375 0.08203125 0.13802083333333334
4 0.4817708333333333 0.6015625 0.022135416666666668 0.04296875
4 0.6458333333333334 0.5325520833333334 0.0234375 0.044270833333333336
4 0.5911458333333334 0.5546875 0.022135416666666668 0.045572916666666664
4 0.484375 0.359375 0.020833333333333332 0.04296875
4 0.6380208333333334 0.6536458333333334 0.0234375 0.04296875
1 0.6106770833333334 0.7330729166666666 0.0234375 0.040364583333333336
3 0.4713541666666667 0.4635416666666667 0.015625 0.02734375
1 0.5807291666666666 0.7330729166666666 0.0234375 0.04296875
3 0.4778645833333333 0.5364583333333334 0.014322916666666666 0.026041666666666668
3 0.4466145833333333 0.5416666666666666 0.015625 0.024739583333333332
1 0.6106770833333334 0.7838541666666666 0.024739583333333332 0.04296875
3 0.4088541666666667 0.48046875 0.014322916666666666 0.024739583333333332
1 0.61328125 0.6927083333333334 0.0234375 0.040364583333333336
1 0.5846354166666666 0.6875 0.022135416666666668 0.040364583333333336
3 0.4127604166666667 0.55078125 0.014322916666666666 0.026041666666666668
1 0.5755208333333334 0.7838541666666666 0.020833333333333332 0.036458333333333336
3 0.44140625 0.4739583333333333 0.01171875 0.0234375