2 0.7526041666666666 0.6888020833333334 0.08203125 0.10026041666666667
0 0.6119791666666666 0.7734375 0.078125 0.1328125
3 0.5065104166666666 0.5403645833333334 0.015625 0.026041666666666668
3 0.44140625 0.5403645833333334 0.014322916666666666 0.022135416666666668
3 0.50390625 0.4700520833333333 0.015625 0.026041666666666668
3 0.4752604166666667 0.5403645833333334 0.014322916666666666 0.0234375
3 0.44140625 0.4700520833333333 0.015625 0.024739583333333332
3 0.4752604166666667 0.4700520833333333 0.014322916666666666 0.024739583333333332
4 0.4700520833333333 0.3736979166666667 0.022135416666666668 0.04296875
1 0.5260416666666666 0.2916666666666667 0.0234375 0.041666666666666664
1 0.5403645833333334 0.328125 0.01953125 0.044270833333333336
1 0.5533854166666666 0.3658854166666667 0.022135416666666668 0.045572916666666664
1 0.55078125 0.2630208333333333 0.014322916666666666 0.033854166666666664
4 0.6015625 0.4635416666666667 0.6067708333333334 0.46875 0.6067708333333334 0.4739583333333333 0.609375 0.4765625 0.609375 0.4895833333333333 0.6067708333333334 0.4921875 0.6067708333333334 0.4973958333333333 0.6015625 0.5026041666666666 0.59375 0.5026041666666666 0.59375 0.5 0.5885416666666666 0.4947916666666667 0.5885416666666666 0.4713541666666667 0.5963541666666666 0.4635416666666667 0.5989583333333334 0.4635416666666667
4 0.6953125 0.4166666666666667 0.703125 0.4322916666666667 0.703125 0.4479166666666667 0.6953125 0.4609375 0.6875 0.4609375 0.6796875 0.4479166666666667 0.6796875 0.4322916666666667 0.6822916666666666 0.4296875 0.6822916666666666 0.4244791666666667 0.6901041666666666 0.4166666666666667 0.6927083333333334 0.4166666666666667
4 0.703125 0.5052083333333334 0.7057291666666666 0.5052083333333334 0.7135416666666666 0.515625 0.7135416666666666 0.5338541666666666 0.7109375 0.5338541666666666 0.703125 0.515625 0.703125 0.5078125
4 0.6484375 0.3333333333333333 0.6536458333333334 0.3333333333333333 0.6536458333333334 0.3359375 0.6588541666666666 0.3411458333333333 0.6588541666666666 0.3541666666666667 0.6614583333333334 0.3567708333333333 0.6588541666666666 0.3671875 0.65625 0.3671875 0.6484375 0.3359375