0 0.7643229166666666 0.60546875 0.07942708333333333 0.1328125
4 0.5716145833333334 0.3541666666666667 0.0234375 0.046875
2 0.4752604166666667 0.5546875 0.07291666666666667 0.09505208333333333
3 0.5638020833333334 0.5533854166666666 0.018229166666666668 0.033854166666666664
4 0.625 0.40625 0.026041666666666668 0.0546875
3 0.6302083333333334 0.5533854166666666 0.018229166666666668 0.032552083333333336
4 0.59765625 0.3502604166666667 0.022135416666666668 0.045572916666666664
4 0.5729166666666666 0.41015625 0.026041666666666668 0.05078125
4 0.6015625 0.41015625 0.026041666666666668 0.052083333333333336
3 0.5651041666666666 0.625 0.020833333333333332 0.03125
3 0.609375 0.6223958333333334 0.020833333333333332 0.026041666666666668
4 0.6223958333333334 0.359375 0.024739583333333332 0.045572916666666664
3 0.5989583333333334 0.5533854166666666 0.020833333333333332 0.03125
3 0.6341145833333334 0.6276041666666666 0.022135416666666668 0.0390625