0 0.7591145833333334 0.6197916666666666 0.09244791666666667 0.1328125
4 0.6380208333333334 0.36328125 0.026041666666666668 0.049479166666666664
4 0.6041666666666666 0.3658854166666667 0.024739583333333332 0.046875
4 0.6106770833333334 0.4622395833333333 0.02734375 0.046875
4 0.6432291666666666 0.4583333333333333 0.026041666666666668 0.046875
3 0.62890625 0.55078125 0.01953125 0.029947916666666668
4 0.6393229166666666 0.41015625 0.028645833333333332 0.044270833333333336
4 0.60546875 0.4153645833333333 0.02734375 0.041666666666666664
3 0.5638020833333334 0.5533854166666666 0.018229166666666668 0.032552083333333336
3 0.5638020833333334 0.6236979166666666 0.01953125 0.03125
3 0.5989583333333334 0.6236979166666666 0.016927083333333332 0.026041666666666668
3 0.5963541666666666 0.5546875 0.015625 0.03515625
3 0.6328125 0.6263020833333334 0.020833333333333332 0.029947916666666668
2 0.47265625 0.4075520833333333 0.057291666666666664 0.14453125