0 0.60546875 0.3567708333333333 0.08333333333333333 0.13541666666666666
4 0.5911458333333334 0.5546875 0.0234375 0.045572916666666664
4 0.5442708333333334 0.5559895833333334 0.022135416666666668 0.045572916666666664
4 0.6393229166666666 0.6549479166666666 0.0234375 0.041666666666666664
4 0.4830729166666667 0.6002604166666666 0.0234375 0.045572916666666664
4 0.4466145833333333 0.5690104166666666 0.0234375 0.044270833333333336
4 0.6471354166666666 0.5325520833333334 0.022135416666666668 0.04296875
1 0.6119791666666666 0.7356770833333334 0.022135416666666668 0.040364583333333336
1 0.6106770833333334 0.7864583333333334 0.0234375 0.037760416666666664
1 0.61328125 0.69140625 0.020833333333333332 0.0390625
3 0.5052083333333334 0.6458333333333334 0.014322916666666666 0.026041666666666668
1 0.5768229166666666 0.7838541666666666 0.01953125 0.03515625
1 0.5833333333333334 0.7356770833333334 0.020833333333333332 0.037760416666666664
1 0.5872395833333334 0.6888020833333334 0.01953125 0.037760416666666664
3 0.4544270833333333 0.7083333333333334 0.014322916666666666 0.024739583333333332
3 0.4739583333333333 0.7760416666666666 0.014322916666666666 0.022135416666666668
3 0.5013020833333334 0.734375 0.014322916666666666 0.0234375
3 0.5338541666666666 0.7044270833333334 0.015625 0.02734375
3 0.484375 0.6783854166666666 0.013020833333333334 0.024739583333333332