4 0.5104166666666666 0.62109375 0.024739583333333332 0.052083333333333336
4 0.515625 0.67578125 0.026041666666666668 0.052083333333333336
4 0.4856770833333333 0.6171875 0.026041666666666668 0.052083333333333336
4 0.48828125 0.6770833333333334 0.026041666666666668 0.05078125
2 0.59375 0.6588541666666666 0.07682291666666667 0.09375
4 0.4596354166666667 0.6197916666666666 0.0234375 0.049479166666666664
4 0.4557291666666667 0.6731770833333334 0.026041666666666668 0.049479166666666664
0 0.7356770833333334 0.4596354166666667 0.07421875 0.12109375
3 0.5520833333333334 0.4661458333333333 0.016927083333333332 0.03125
3 0.5546875 0.5390625 0.016927083333333332 0.02734375
3 0.5885416666666666 0.4661458333333333 0.015625 0.024739583333333332
3 0.5885416666666666 0.5377604166666666 0.016927083333333332 0.028645833333333332
3 0.62109375 0.53515625 0.018229166666666668 0.032552083333333336
3 0.6223958333333334 0.4661458333333333 0.014322916666666666 0.026041666666666668