4 0.5755208333333334 0.3580729166666667 0.026041666666666668 0.049479166666666664
4 0.62890625 0.3541666666666667 0.026041666666666668 0.049479166666666664
4 0.6015625 0.3580729166666667 0.026041666666666668 0.046875
4 0.5729166666666666 0.3033854166666667 0.024739583333333332 0.046875
4 0.59765625 0.30078125 0.024739583333333332 0.044270833333333336
0 0.7473958333333334 0.4557291666666667 0.078125 0.140625
2 0.4674479166666667 0.5755208333333334 0.07421875 0.09635416666666667
4 0.6276041666666666 0.2981770833333333 0.022135416666666668 0.046875
3 0.6171875 0.4635416666666667 0.016927083333333332 0.03125
3 0.5651041666666666 0.56640625 0.018229166666666668 0.029947916666666668
3 0.5833333333333334 0.4778645833333333 0.013020833333333334 0.022135416666666668
3 0.55078125 0.5013020833333334 0.016927083333333332 0.028645833333333332
3 0.59765625 0.5494791666666666 0.013020833333333334 0.024739583333333332
3 0.62890625 0.53125 0.018229166666666668 0.026041666666666668