2 0.4401041666666667 0.6497395833333334 0.07942708333333333 0.09895833333333333
4 0.51171875 0.41796875 0.022135416666666668 0.041666666666666664
4 0.5390625 0.4166666666666667 0.01953125 0.044270833333333336
4 0.5130208333333334 0.4635416666666667 0.0234375 0.04296875
4 0.5403645833333334 0.46484375 0.026041666666666668 0.04296875
4 0.51171875 0.51171875 0.0234375 0.040364583333333336
4 0.5390625 0.5130208333333334 0.0234375 0.045572916666666664
3 0.5911458333333334 0.31640625 0.01953125 0.02734375
3 0.6302083333333334 0.3151041666666667 0.014322916666666666 0.028645833333333332
3 0.5924479166666666 0.375 0.014322916666666666 0.026041666666666668
3 0.6328125 0.375 0.016927083333333332 0.028645833333333332
3 0.5950520833333334 0.4388020833333333 0.015625 0.032552083333333336
3 0.6328125 0.4309895833333333 0.018229166666666668 0.032552083333333336
0 0.71484375 0.65234375 0.09765625 0.14583333333333334