2 0.58984375 0.6588541666666666 0.08203125 0.10026041666666667
4 0.6002604166666666 0.3528645833333333 0.026041666666666668 0.049479166666666664
4 0.546875 0.3580729166666667 0.0234375 0.048177083333333336
4 0.5690104166666666 0.3020833333333333 0.0234375 0.045572916666666664
4 0.57421875 0.3580729166666667 0.024739583333333332 0.048177083333333336
4 0.59765625 0.30078125 0.024739583333333332 0.046875
4 0.5442708333333334 0.3046875 0.0234375 0.045572916666666664
3 0.5546875 0.5377604166666666 0.016927083333333332 0.02734375
3 0.5533854166666666 0.4661458333333333 0.016927083333333332 0.028645833333333332
3 0.5885416666666666 0.5377604166666666 0.015625 0.026041666666666668
0 0.7356770833333334 0.4557291666666667 0.07682291666666667 0.125
3 0.62109375 0.53515625 0.016927083333333332 0.029947916666666668
3 0.5872395833333334 0.4661458333333333 0.015625 0.02734375
3 0.6197916666666666 0.46484375 0.016927083333333332 0.028645833333333332