2 0.7291666666666666 0.33203125 0.061197916666666664 0.14453125
0 0.6067708333333334 0.359375 0.08072916666666667 0.13802083333333334
4 0.6458333333333334 0.5325520833333334 0.024739583333333332 0.044270833333333336
4 0.5911458333333334 0.5559895833333334 0.0234375 0.045572916666666664
4 0.4817708333333333 0.6015625 0.022135416666666668 0.046875
4 0.6380208333333334 0.6549479166666666 0.022135416666666668 0.041666666666666664
4 0.484375 0.359375 0.020833333333333332 0.041666666666666664
3 0.4635416666666667 0.46484375 0.014322916666666666 0.02734375
3 0.4609375 0.5338541666666666 0.015625 0.02734375
3 0.3958333333333333 0.4557291666666667 0.01171875 0.024739583333333332
3 0.3932291666666667 0.5234375 0.013020833333333334 0.02734375
1 0.4908854166666667 0.7408854166666666 0.020833333333333332 0.040364583333333336
1 0.4544270833333333 0.7486979166666666 0.01953125 0.040364583333333336
1 0.48046875 0.7864583333333334 0.0234375 0.04296875
1 0.4674479166666667 0.8255208333333334 0.022135416666666668 0.040364583333333336
1 0.4322916666666667 0.7981770833333334 0.0234375 0.037760416666666664
1 0.4635416666666667 0.7122395833333334 0.0234375 0.040364583333333336