0 0.6966145833333334 0.7395833333333334 0.078125 0.12890625
4 0.42578125 0.3958333333333333 0.0234375 0.04296875
4 0.4713541666666667 0.3723958333333333 0.020833333333333332 0.04296875
4 0.5325520833333334 0.5390625 0.022135416666666668 0.04296875
4 0.70703125 0.52734375 0.024739583333333332 0.044270833333333336
1 0.4505208333333333 0.5091145833333334 0.01953125 0.0390625
3 0.5065104166666666 0.6888020833333334 0.013020833333333334 0.0234375
3 0.5221354166666666 0.6263020833333334 0.014322916666666666 0.024739583333333332
3 0.5755208333333334 0.73046875 0.014322916666666666 0.0234375
1 0.44921875 0.625 0.018229166666666668 0.03125
3 0.5533854166666666 0.6484375 0.013020833333333334 0.0234375
1 0.4791666666666667 0.5455729166666666 0.01953125 0.03515625
3 0.58203125 0.6692708333333334 0.014322916666666666 0.028645833333333332
1 0.421875 0.5872395833333334 0.01953125 0.033854166666666664
1 0.4401041666666667 0.5481770833333334 0.01953125 0.036458333333333336
1 0.4635416666666667 0.5794270833333334 0.01953125 0.033854166666666664
3 0.5455729166666666 0.7161458333333334 0.013020833333333334 0.024739583333333332