4 0.62890625 0.3528645833333333 0.024739583333333332 0.049479166666666664
4 0.5755208333333334 0.3606770833333333 0.02734375 0.05078125
4 0.5729166666666666 0.3033854166666667 0.026041666666666668 0.048177083333333336
4 0.6015625 0.35546875 0.026041666666666668 0.048177083333333336
2 0.5911458333333334 0.6614583333333334 0.08072916666666667 0.09375
4 0.5989583333333334 0.3020833333333333 0.024739583333333332 0.044270833333333336
4 0.6263020833333334 0.2994791666666667 0.0234375 0.048177083333333336
0 0.7369791666666666 0.45703125 0.08333333333333333 0.12369791666666667
3 0.6145833333333334 0.46484375 0.016927083333333332 0.03125
3 0.5533854166666666 0.5052083333333334 0.018229166666666668 0.03125
3 0.6002604166666666 0.55078125 0.016927083333333332 0.029947916666666668
3 0.56640625 0.5703125 0.01171875 0.022135416666666668
3 0.5833333333333334 0.4856770833333333 0.013020833333333334 0.020833333333333332
3 0.6302083333333334 0.5299479166666666 0.01171875 0.026041666666666668