4 0.5104166666666666 0.62109375 0.024739583333333332 0.05078125
4 0.4856770833333333 0.6171875 0.024739583333333332 0.052083333333333336
3 0.5325520833333334 0.3619791666666667 0.018229166666666668 0.03515625
4 0.515625 0.67578125 0.026041666666666668 0.052083333333333336
4 0.48828125 0.6770833333333334 0.026041666666666668 0.05078125
4 0.4596354166666667 0.6197916666666666 0.0234375 0.049479166666666664
3 0.6015625 0.35546875 0.018229166666666668 0.033854166666666664
4 0.4557291666666667 0.6731770833333334 0.026041666666666668 0.048177083333333336
3 0.5716145833333334 0.42578125 0.016927083333333332 0.029947916666666668
3 0.5364583333333334 0.4283854166666667 0.018229166666666668 0.032552083333333336
3 0.60546875 0.4283854166666667 0.015625 0.029947916666666668
2 0.5924479166666666 0.6588541666666666 0.078125 0.09505208333333333
3 0.56640625 0.359375 0.015625 0.02734375
0 0.7473958333333334 0.4583333333333333 0.07682291666666667 0.140625