4 0.5950520833333334 0.5598958333333334 0.022135416666666668 0.044270833333333336
4 0.7513020833333334 0.4283854166666667 0.024739583333333332 0.041666666666666664
4 0.4856770833333333 0.6041666666666666 0.020833333333333332 0.045572916666666664
4 0.7421875 0.3346354166666667 0.0234375 0.040364583333333336
4 0.6770833333333334 0.5091145833333334 0.0234375 0.04296875
2 0.5625 0.7317708333333334 0.05859375 0.15755208333333334
4 0.640625 0.6588541666666666 0.024739583333333332 0.044270833333333336
3 0.49609375 0.35546875 0.015625 0.024739583333333332
3 0.4583333333333333 0.22916666666666666 0.01171875 0.024739583333333332
1 0.4244791666666667 0.6783854166666666 0.020833333333333332 0.0390625
1 0.4088541666666667 0.7200520833333334 0.022135416666666668 0.041666666666666664
1 0.3958333333333333 0.76171875 0.01953125 0.040364583333333336
3 0.46484375 0.3268229166666667 0.014322916666666666 0.022135416666666668
3 0.5143229166666666 0.2981770833333333 0.014322916666666666 0.0234375
1 0.4348958333333333 0.7578125 0.022135416666666668 0.045572916666666664
3 0.4401041666666667 0.29296875 0.010416666666666666 0.022135416666666668
0 0.6549479166666666 0.3216145833333333 0.07682291666666667 0.13411458333333334
1 0.41796875 0.7955729166666666 0.01953125 0.037760416666666664
3 0.4895833333333333 0.2604166666666667 0.014322916666666666 0.03125
1 0.4557291666666667 0.7135416666666666 0.0234375 0.0390625