2 0.4427083333333333 0.71484375 0.08072916666666667 0.109375
4 0.5885416666666666 0.5455729166666666 0.0234375 0.045572916666666664
4 0.6354166666666666 0.63671875 0.022135416666666668 0.04296875
0 0.5651041666666666 0.38671875 0.08333333333333333 0.13671875
4 0.48046875 0.5859375 0.020833333333333332 0.04296875
4 0.5442708333333334 0.54296875 0.022135416666666668 0.04296875
4 0.78515625 0.4934895833333333 0.024739583333333332 0.04296875
4 0.44921875 0.55078125 0.015625 0.041666666666666664
1 0.73828125 0.81640625 0.026041666666666668 0.04296875
1 0.7330729166666666 0.76953125 0.0234375 0.041666666666666664
1 0.7291666666666666 0.72265625 0.0234375 0.040364583333333336
1 0.69921875 0.7734375 0.0234375 0.040364583333333336
1 0.6966145833333334 0.7239583333333334 0.022135416666666668 0.041666666666666664
1 0.7005208333333334 0.8177083333333334 0.022135416666666668 0.041666666666666664
3 0.5833333333333334 0.77734375 0.014322916666666666 0.0234375
3 0.60546875 0.7265625 0.015625 0.026041666666666668
3 0.5325520833333334 0.78125 0.014322916666666666 0.0234375
3 0.5638020833333334 0.8268229166666666 0.013020833333333334 0.022135416666666668
3 0.5768229166666666 0.68359375 0.014322916666666666 0.029947916666666668
3 0.5533854166666666 0.7278645833333334 0.016927083333333332 0.029947916666666668