4 0.5924479166666666 0.5572916666666666 0.0234375 0.046875
0 0.6067708333333334 0.3645833333333333 0.078125 0.1328125
4 0.4830729166666667 0.6106770833333334 0.022135416666666668 0.045572916666666664
2 0.5625 0.73046875 0.05859375 0.15755208333333334
4 0.74609375 0.4192708333333333 0.0234375 0.040364583333333336
4 0.6848958333333334 0.4908854166666667 0.0234375 0.044270833333333336
4 0.6380208333333334 0.65625 0.0234375 0.044270833333333336
4 0.7356770833333334 0.328125 0.0234375 0.041666666666666664
3 0.4622395833333333 0.47265625 0.016927083333333332 0.02734375
3 0.4010416666666667 0.46484375 0.015625 0.026041666666666668
3 0.43359375 0.4700520833333333 0.014322916666666666 0.026041666666666668
3 0.4283854166666667 0.5377604166666666 0.014322916666666666 0.0234375
3 0.3958333333333333 0.5338541666666666 0.014322916666666666 0.024739583333333332
1 0.4479166666666667 0.7200520833333334 0.020833333333333332 0.0390625
1 0.4739583333333333 0.7604166666666666 0.020833333333333332 0.040364583333333336
1 0.4296875 0.7643229166666666 0.022135416666666668 0.041666666666666664
3 0.4596354166666667 0.5416666666666666 0.016927083333333332 0.0234375
1 0.4375 0.8372395833333334 0.020833333333333332 0.040364583333333336
1 0.4114583333333333 0.80078125 0.020833333333333332 0.0390625
1 0.453125 0.7955729166666666 0.01953125 0.0390625