2 0.6341145833333334 0.3125 0.078125 0.09505208333333333
0 0.8294270833333334 0.5859375 0.09244791666666667 0.12890625
4 0.42578125 0.3971354166666667 0.022135416666666668 0.04296875
4 0.515625 0.3658854166666667 0.020833333333333332 0.045572916666666664
4 0.4700520833333333 0.3736979166666667 0.020833333333333332 0.04296875
1 0.4505208333333333 0.62890625 0.01953125 0.03515625
3 0.5208333333333334 0.625 0.014322916666666666 0.02734375
1 0.4231770833333333 0.5885416666666666 0.01953125 0.03515625
1 0.4505208333333333 0.5065104166666666 0.01953125 0.0390625
1 0.4778645833333333 0.5455729166666666 0.01953125 0.03515625
3 0.5065104166666666 0.6888020833333334 0.013020833333333334 0.0234375
3 0.5546875 0.6458333333333334 0.014322916666666666 0.0234375
1 0.4375 0.546875 0.020833333333333332 0.037760416666666664
3 0.57421875 0.73046875 0.015625 0.0234375
3 0.58203125 0.6666666666666666 0.015625 0.028645833333333332
1 0.4622395833333333 0.5846354166666666 0.020833333333333332 0.040364583333333336
3 0.5390625 0.7122395833333334 0.015625 0.02734375
1 0.4635416666666667 0.5807291666666666 0.01953125 0.036458333333333336