0 0.7604166666666666 0.6197916666666666 0.09244791666666667 0.1328125
4 0.57421875 0.3541666666666667 0.024739583333333332 0.046875
4 0.6276041666666666 0.40625 0.024739583333333332 0.052083333333333336
4 0.6002604166666666 0.4075520833333333 0.026041666666666668 0.048177083333333336
4 0.5729166666666666 0.4075520833333333 0.026041666666666668 0.049479166666666664
2 0.4765625 0.5494791666666666 0.07552083333333333 0.09505208333333333
3 0.6302083333333334 0.5520833333333334 0.01953125 0.029947916666666668
4 0.5963541666666666 0.3515625 0.0234375 0.045572916666666664
3 0.5651041666666666 0.5533854166666666 0.018229166666666668 0.033854166666666664
3 0.5651041666666666 0.6236979166666666 0.01953125 0.029947916666666668
4 0.625 0.3502604166666667 0.024739583333333332 0.045572916666666664
3 0.59765625 0.6223958333333334 0.018229166666666668 0.02734375
3 0.5989583333333334 0.55859375 0.022135416666666668 0.04296875
3 0.6315104166666666 0.6302083333333334 0.024739583333333332 0.041666666666666664