2 0.4622395833333333 0.7291666666666666 0.0859375 0.1171875
4 0.5911458333333334 0.5546875 0.0234375 0.046875
0 0.5625 0.3997395833333333 0.08463541666666667 0.13411458333333334
4 0.6380208333333334 0.6432291666666666 0.022135416666666668 0.04296875
4 0.5442708333333334 0.5572916666666666 0.022135416666666668 0.046875
4 0.4817708333333333 0.6041666666666666 0.022135416666666668 0.044270833333333336
4 0.7838541666666666 0.4921875 0.024739583333333332 0.04296875
4 0.4505208333333333 0.5703125 0.016927083333333332 0.041666666666666664
1 0.734375 0.7252604166666666 0.0234375 0.040364583333333336
1 0.7447916666666666 0.8229166666666666 0.024739583333333332 0.040364583333333336
1 0.7044270833333334 0.77734375 0.0234375 0.040364583333333336
1 0.7044270833333334 0.7291666666666666 0.022135416666666668 0.040364583333333336
3 0.6106770833333334 0.7369791666666666 0.014322916666666666 0.024739583333333332
1 0.7369791666666666 0.7721354166666666 0.0234375 0.040364583333333336
1 0.7083333333333334 0.8216145833333334 0.022135416666666668 0.041666666666666664
3 0.5794270833333334 0.6953125 0.015625 0.028645833333333332
3 0.5885416666666666 0.7877604166666666 0.014322916666666666 0.024739583333333332
3 0.5377604166666666 0.79296875 0.014322916666666666 0.02734375
3 0.5703125 0.8372395833333334 0.014322916666666666 0.026041666666666668
3 0.5572916666666666 0.7408854166666666 0.014322916666666666 0.026041666666666668