2 0.4453125 0.7200520833333334 0.078125 0.10546875
4 0.58984375 0.5455729166666666 0.0234375 0.044270833333333336
4 0.63671875 0.63671875 0.022135416666666668 0.04296875
0 0.56640625 0.3854166666666667 0.08333333333333333 0.13671875
4 0.48046875 0.5859375 0.020833333333333332 0.044270833333333336
4 0.5442708333333334 0.5442708333333334 0.022135416666666668 0.04296875
4 0.7838541666666666 0.4934895833333333 0.024739583333333332 0.04296875
1 0.7330729166666666 0.7708333333333334 0.0234375 0.04296875
1 0.73828125 0.81640625 0.026041666666666668 0.04296875
1 0.7291666666666666 0.72265625 0.0234375 0.040364583333333336
1 0.6979166666666666 0.7239583333333334 0.022135416666666668 0.041666666666666664
1 0.69921875 0.7734375 0.0234375 0.041666666666666664
1 0.7005208333333334 0.8190104166666666 0.0234375 0.04296875
3 0.60546875 0.7265625 0.015625 0.026041666666666668
3 0.5833333333333334 0.7786458333333334 0.014322916666666666 0.024739583333333332
3 0.5325520833333334 0.78125 0.014322916666666666 0.0234375
3 0.5768229166666666 0.6848958333333334 0.014322916666666666 0.029947916666666668
3 0.5638020833333334 0.8268229166666666 0.013020833333333334 0.022135416666666668
3 0.5520833333333334 0.7278645833333334 0.015625 0.028645833333333332