2 0.4739583333333333 0.5546875 0.0703125 0.09375
0 0.7643229166666666 0.62109375 0.0859375 0.13020833333333334
4 0.6236979166666666 0.40625 0.02734375 0.053385416666666664
4 0.5716145833333334 0.4114583333333333 0.026041666666666668 0.049479166666666664
4 0.6197916666666666 0.359375 0.024739583333333332 0.048177083333333336
4 0.5716145833333334 0.35546875 0.024739583333333332 0.045572916666666664
4 0.5963541666666666 0.3528645833333333 0.022135416666666668 0.045572916666666664
4 0.59765625 0.4088541666666667 0.026041666666666668 0.05078125
3 0.5651041666666666 0.625 0.020833333333333332 0.03125
3 0.5651041666666666 0.5533854166666666 0.018229166666666668 0.03125
3 0.62890625 0.5520833333333334 0.018229166666666668 0.032552083333333336
3 0.59765625 0.6223958333333334 0.016927083333333332 0.02734375
3 0.59765625 0.5546875 0.016927083333333332 0.03125
3 0.6328125 0.6223958333333334 0.018229166666666668 0.029947916666666668