2 0.7526041666666666 0.6927083333333334 0.078125 0.09114583333333333
0 0.6119791666666666 0.7760416666666666 0.07552083333333333 0.12890625
4 0.5989583333333334 0.4856770833333333 0.0234375 0.044270833333333336
4 0.4700520833333333 0.3736979166666667 0.022135416666666668 0.04296875
4 0.6940104166666666 0.44140625 0.026041666666666668 0.044270833333333336
3 0.5078125 0.5403645833333334 0.014322916666666666 0.024739583333333332
4 0.65234375 0.3541666666666667 0.022135416666666668 0.04296875
3 0.4752604166666667 0.5416666666666666 0.014322916666666666 0.020833333333333332
3 0.5052083333333334 0.4713541666666667 0.015625 0.024739583333333332
3 0.4427083333333333 0.5416666666666666 0.014322916666666666 0.0234375
3 0.4440104166666667 0.4700520833333333 0.015625 0.024739583333333332
3 0.4765625 0.4713541666666667 0.013020833333333334 0.0234375
4 0.7057291666666666 0.52734375 0.020833333333333332 0.04296875
1 0.5260416666666666 0.2942708333333333 0.018229166666666668 0.036458333333333336
1 0.5403645833333334 0.3294270833333333 0.018229166666666668 0.037760416666666664
1 0.5533854166666666 0.3684895833333333 0.024739583333333332 0.044270833333333336