0 0.7591145833333334 0.6197916666666666 0.08854166666666667 0.1328125
3 0.6380208333333334 0.3619791666666667 0.024739583333333332 0.048177083333333336
3 0.60546875 0.3671875 0.0234375 0.044270833333333336
3 0.6106770833333334 0.4622395833333333 0.02734375 0.046875
3 0.6393229166666666 0.4088541666666667 0.028645833333333332 0.049479166666666664
3 0.6419270833333334 0.4596354166666667 0.02734375 0.046875
3 0.60546875 0.4153645833333333 0.028645833333333332 0.041666666666666664
2 0.6276041666666666 0.5611979166666666 0.018229166666666668 0.033854166666666664
1 0.47265625 0.4036458333333333 0.053385416666666664 0.13671875
2 0.62109375 0.6783854166666666 0.014322916666666666 0.046875
2 0.6276041666666666 0.62109375 0.022135416666666668 0.033854166666666664
2 0.5872395833333334 0.6158854166666666 0.01171875 0.032552083333333336
2 0.5911458333333334 0.5546875 0.01953125 0.033854166666666664
2 0.5846354166666666 0.6744791666666666 0.015625 0.029947916666666668