0 0.6940104166666666 0.7369791666666666 0.07942708333333333 0.13020833333333334
2 0.7786458333333334 0.37890625 0.078125 0.09505208333333333
4 0.4700520833333333 0.3723958333333333 0.022135416666666668 0.044270833333333336
4 0.65625 0.4765625 0.024739583333333332 0.044270833333333336
4 0.5989583333333334 0.4856770833333333 0.022135416666666668 0.04296875
4 0.6940104166666666 0.4427083333333333 0.024739583333333332 0.04296875
4 0.6510416666666666 0.3567708333333333 0.022135416666666668 0.04296875
4 0.7057291666666666 0.5247395833333334 0.0234375 0.041666666666666664
1 0.4309895833333333 0.5559895833333334 0.020833333333333332 0.040364583333333336
3 0.51953125 0.625 0.015625 0.02734375
1 0.4466145833333333 0.5143229166666666 0.01953125 0.040364583333333336
3 0.57421875 0.73046875 0.014322916666666666 0.0234375
3 0.5833333333333334 0.6653645833333334 0.015625 0.028645833333333332
3 0.5065104166666666 0.6888020833333334 0.014322916666666666 0.0234375
1 0.4895833333333333 0.5091145833333334 0.020833333333333332 0.037760416666666664
1 0.4583333333333333 0.5924479166666666 0.01953125 0.03515625
1 0.4713541666666667 0.5494791666666666 0.020833333333333332 0.037760416666666664
3 0.5533854166666666 0.6497395833333334 0.014322916666666666 0.024739583333333332
3 0.5442708333333334 0.7174479166666666 0.014322916666666666 0.02734375
1 0.4609375 0.4700520833333333 0.022135416666666668 0.048177083333333336