2 0.4674479166666667 0.5729166666666666 0.07291666666666667 0.09505208333333333
4 0.57421875 0.3580729166666667 0.026041666666666668 0.048177083333333336
4 0.62890625 0.3541666666666667 0.026041666666666668 0.048177083333333336
4 0.5729166666666666 0.3046875 0.024739583333333332 0.045572916666666664
4 0.6002604166666666 0.3580729166666667 0.026041666666666668 0.045572916666666664
4 0.59765625 0.30078125 0.0234375 0.044270833333333336
4 0.6236979166666666 0.2994791666666667 0.0234375 0.046875
0 0.734375 0.4557291666666667 0.07942708333333333 0.12369791666666667
3 0.55078125 0.5 0.016927083333333332 0.02734375
3 0.5963541666666666 0.5481770833333334 0.014322916666666666 0.02734375
3 0.5651041666666666 0.56640625 0.016927083333333332 0.028645833333333332
3 0.6171875 0.4635416666666667 0.018229166666666668 0.029947916666666668
3 0.62890625 0.52734375 0.015625 0.02734375
3 0.5846354166666666 0.48828125 0.01953125 0.022135416666666668