0 0.76171875 0.6197916666666666 0.0859375 0.13151041666666666
4 0.6419270833333334 0.6419270833333334 0.02734375 0.0546875
4 0.58203125 0.59375 0.026041666666666668 0.048177083333333336
4 0.640625 0.5911458333333334 0.024739583333333332 0.049479166666666664
4 0.5833333333333334 0.6536458333333334 0.026041666666666668 0.057291666666666664
4 0.6119791666666666 0.65234375 0.02734375 0.052083333333333336
4 0.609375 0.58984375 0.024739583333333332 0.045572916666666664
3 0.5364583333333334 0.3736979166666667 0.015625 0.02734375
3 0.4700520833333333 0.4466145833333333 0.013020833333333334 0.02734375
3 0.5377604166666666 0.44140625 0.016927083333333332 0.032552083333333336
3 0.50390625 0.4466145833333333 0.014322916666666666 0.02734375
3 0.46875 0.37890625 0.015625 0.022135416666666668
3 0.5026041666666666 0.3736979166666667 0.015625 0.024739583333333332
2 0.6041666666666666 0.3723958333333333 0.061197916666666664 0.1328125