0 0.71484375 0.6484375 0.08723958333333333 0.13411458333333334
2 0.5533854166666666 0.62890625 0.07942708333333333 0.09895833333333333
3 0.7096354166666666 0.3359375 0.01953125 0.028645833333333332
3 0.6458333333333334 0.4127604166666667 0.018229166666666668 0.03125
3 0.6783854166666666 0.4075520833333333 0.016927083333333332 0.032552083333333336
3 0.7109375 0.4010416666666667 0.018229166666666668 0.03515625
3 0.6432291666666666 0.3411458333333333 0.016927083333333332 0.02734375
4 0.546875 0.4322916666666667 0.02734375 0.05078125
4 0.5481770833333334 0.3854166666666667 0.02734375 0.041666666666666664
3 0.6744791666666666 0.33984375 0.015625 0.02734375
4 0.578125 0.3815104166666667 0.0234375 0.040364583333333336
4 0.58203125 0.4270833333333333 0.02734375 0.046875
4 0.5416666666666666 0.3385416666666667 0.024739583333333332 0.045572916666666664
4 0.5768229166666666 0.3359375 0.0234375 0.05078125