2 0.4557291666666667 0.5651041666666666 0.053385416666666664 0.15104166666666666
0 0.7604166666666666 0.6197916666666666 0.08723958333333333 0.13020833333333334
4 0.6223958333333334 0.4296875 0.02734375 0.049479166666666664
4 0.6549479166666666 0.421875 0.024739583333333332 0.048177083333333336
4 0.6458333333333334 0.3268229166666667 0.02734375 0.049479166666666664
3 0.56640625 0.625 0.020833333333333332 0.029947916666666668
4 0.6484375 0.3723958333333333 0.028645833333333332 0.046875
4 0.6158854166666666 0.3841145833333333 0.028645833333333332 0.045572916666666664
4 0.609375 0.3372395833333333 0.02734375 0.048177083333333336
3 0.5651041666666666 0.5533854166666666 0.016927083333333332 0.03125
3 0.62890625 0.55078125 0.018229166666666668 0.032552083333333336
3 0.59765625 0.6223958333333334 0.016927083333333332 0.02734375
3 0.59765625 0.5520833333333334 0.016927083333333332 0.029947916666666668
3 0.6302083333333334 0.6223958333333334 0.018229166666666668 0.03125