3 0.4557291666666667 0.23177083333333334 0.013020833333333334 0.026041666666666668
3 0.49609375 0.3541666666666667 0.014322916666666666 0.026041666666666668
3 0.5130208333333334 0.29296875 0.013020833333333334 0.024739583333333332
3 0.4661458333333333 0.3177083333333333 0.01171875 0.022135416666666668
4 0.7447916666666666 0.3125 0.7526041666666666 0.3255208333333333 0.7526041666666666 0.3385416666666667 0.7447916666666666 0.3515625 0.734375 0.3515625 0.7317708333333334 0.3411458333333333 0.7291666666666666 0.3385416666666667 0.7291666666666666 0.328125 0.7317708333333334 0.3255208333333333 0.7317708333333334 0.3203125 0.7395833333333334 0.3125 0.7421875 0.3125
4 0.7526041666666666 0.40625 0.7578125 0.4114583333333333 0.7578125 0.4166666666666667 0.7604166666666666 0.4192708333333333 0.7604166666666666 0.4322916666666667 0.7578125 0.4348958333333333 0.7552083333333334 0.4453125 0.75 0.4479166666666667 0.7473958333333334 0.4479166666666667 0.7395833333333334 0.4401041666666667 0.7395833333333334 0.4348958333333333 0.7369791666666666 0.4322916666666667 0.7369791666666666 0.4192708333333333 0.7421875 0.4088541666666667 0.75 0.40625
4 0.6822916666666666 0.4895833333333333 0.6848958333333334 0.4947916666666667 0.6848958333333334 0.5182291666666666 0.6770833333333334 0.5286458333333334 0.671875 0.5286458333333334 0.6640625 0.5182291666666666 0.6640625 0.5 0.6692708333333334 0.4895833333333333 0.6744791666666666 0.4869791666666667 0.6796875 0.4895833333333333
4 0.59375 0.5364583333333334 0.5989583333333334 0.5390625 0.6015625 0.5494791666666666 0.6041666666666666 0.5520833333333334 0.6041666666666666 0.5598958333333334 0.6015625 0.5651041666666666 0.5989583333333334 0.5598958333333334 0.5833333333333334 0.5572916666666666 0.5859375 0.5416666666666666 0.5911458333333334 0.5390625
4 0.6380208333333334 0.6796875 0.6302083333333334 0.6692708333333334 0.6302083333333334 0.6458333333333334 0.6328125 0.640625 0.6354166666666666 0.6380208333333334 0.6432291666666666 0.6380208333333334 0.6458333333333334 0.640625 0.6458333333333334 0.6744791666666666 0.640625 0.6770833333333334
4 0.4765625 0.5859375 0.4817708333333333 0.5885416666666666 0.4817708333333333 0.6067708333333334 0.484375 0.609375 0.484375 0.625 0.4765625 0.6223958333333334 0.4739583333333333 0.6171875 0.4739583333333333 0.5911458333333334 0.4765625 0.5885416666666666
0 0.6536458333333334 0.3190104166666667 0.07942708333333333 0.140625
3 0.484375 0.2604166666666667 0.018229166666666668 0.033854166666666664
1 0.4244791666666667 0.6796875 0.022135416666666668 0.044270833333333336
1 0.44921875 0.7109375 0.0234375 0.048177083333333336
1 0.4075520833333333 0.7200520833333334 0.0234375 0.045572916666666664
1 0.4322916666666667 0.7526041666666666 0.026041666666666668 0.046875
1 0.390625 0.7552083333333334 0.0234375 0.046875
1 0.4153645833333333 0.7877604166666666 0.024739583333333332 0.052083333333333336
2 0.5442708333333334 0.6510416666666666 0.06510416666666667 0.1640625