2 0.4752604166666667 0.5520833333333334 0.07161458333333333 0.09505208333333333
0 0.76171875 0.6197916666666666 0.0859375 0.13151041666666666
4 0.5729166666666666 0.40625 0.026041666666666668 0.05078125
4 0.6276041666666666 0.40625 0.026041666666666668 0.052083333333333336
4 0.5729166666666666 0.35546875 0.024739583333333332 0.045572916666666664
4 0.59765625 0.3515625 0.022135416666666668 0.04296875
4 0.6223958333333334 0.3567708333333333 0.024739583333333332 0.045572916666666664
3 0.5651041666666666 0.625 0.020833333333333332 0.029947916666666668
4 0.5989583333333334 0.4088541666666667 0.026041666666666668 0.049479166666666664
3 0.5638020833333334 0.5533854166666666 0.018229166666666668 0.03125
3 0.6302083333333334 0.55078125 0.018229166666666668 0.032552083333333336
3 0.59765625 0.6223958333333334 0.016927083333333332 0.028645833333333332
3 0.59765625 0.5533854166666666 0.016927083333333332 0.03125
3 0.6315104166666666 0.62109375 0.018229166666666668 0.03125