2 0.45703125 0.70703125 0.07421875 0.09505208333333333
0 0.5638020833333334 0.3854166666666667 0.078125 0.1328125
4 0.4466145833333333 0.5520833333333334 0.020833333333333332 0.045572916666666664
4 0.48046875 0.5859375 0.020833333333333332 0.044270833333333336
4 0.5872395833333334 0.546875 0.024739583333333332 0.04296875
4 0.63671875 0.6354166666666666 0.022135416666666668 0.04296875
4 0.5442708333333334 0.54296875 0.022135416666666668 0.044270833333333336
4 0.6354166666666666 0.23958333333333334 0.0234375 0.044270833333333336
3 0.6927083333333334 0.4973958333333333 0.015625 0.02734375
3 0.6927083333333334 0.5716145833333334 0.015625 0.026041666666666668
3 0.625 0.4986979166666667 0.016927083333333332 0.029947916666666668
3 0.6588541666666666 0.5690104166666666 0.015625 0.026041666666666668
3 0.6575520833333334 0.5013020833333334 0.014322916666666666 0.024739583333333332
1 0.72265625 0.2565104166666667 0.022135416666666668 0.037760416666666664
1 0.7473958333333334 0.3723958333333333 0.024739583333333332 0.040364583333333336
1 0.7591145833333334 0.2799479166666667 0.020833333333333332 0.036458333333333336
1 0.6927083333333334 0.36328125 0.022135416666666668 0.03125
1 0.7513020833333334 0.3190104166666667 0.024739583333333332 0.037760416666666664
1 0.7096354166666666 0.3098958333333333 0.018229166666666668 0.03515625
3 0.62109375 0.5651041666666666 0.014322916666666666 0.02734375