2 0.4609375 0.4661458333333333 0.07161458333333333 0.15494791666666666
4 0.4869791666666667 0.6041666666666666 0.020833333333333332 0.046875
4 0.5950520833333334 0.5598958333333334 0.0234375 0.046875
4 0.68359375 0.60546875 0.0234375 0.041666666666666664
4 0.67578125 0.5091145833333334 0.024739583333333332 0.04296875
4 0.7434895833333334 0.3359375 0.024739583333333332 0.040364583333333336
4 0.6419270833333334 0.6588541666666666 0.022135416666666668 0.0390625
0 0.8268229166666666 0.5846354166666666 0.08854166666666667 0.12760416666666666
1 0.4192708333333333 0.7916666666666666 0.022135416666666668 0.037760416666666664
1 0.39453125 0.7591145833333334 0.020833333333333332 0.040364583333333336
1 0.4361979166666667 0.7526041666666666 0.022135416666666668 0.041666666666666664
1 0.42578125 0.6770833333333334 0.020833333333333332 0.040364583333333336
1 0.41015625 0.7174479166666666 0.022135416666666668 0.041666666666666664
3 0.5221354166666666 0.6236979166666666 0.014322916666666666 0.024739583333333332
1 0.4505208333333333 0.7083333333333334 0.022135416666666668 0.0390625
3 0.5807291666666666 0.6666666666666666 0.015625 0.02734375
3 0.5729166666666666 0.73046875 0.014322916666666666 0.022135416666666668
3 0.5065104166666666 0.6888020833333334 0.014322916666666666 0.0234375
3 0.5546875 0.6471354166666666 0.014322916666666666 0.0234375
3 0.5390625 0.7109375 0.016927083333333332 0.032552083333333336