2 0.5885416666666666 0.66796875 0.08203125 0.1015625
0 0.7447916666666666 0.6419270833333334 0.09635416666666667 0.13671875
4 0.5846354166666666 0.3697916666666667 0.024739583333333332 0.048177083333333336
4 0.5338541666666666 0.3736979166666667 0.024739583333333332 0.045572916666666664
4 0.5338541666666666 0.4283854166666667 0.024739583333333332 0.05078125
4 0.58984375 0.4244791666666667 0.024739583333333332 0.049479166666666664
4 0.55859375 0.3697916666666667 0.0234375 0.046875
4 0.5611979166666666 0.4322916666666667 0.024739583333333332 0.048177083333333336
3 0.7122395833333334 0.3372395833333333 0.015625 0.029947916666666668
3 0.7135416666666666 0.3997395833333333 0.016927083333333332 0.032552083333333336
3 0.6419270833333334 0.3424479166666667 0.015625 0.028645833333333332