2 0.59375 0.6588541666666666 0.07421875 0.10026041666666667
0 0.7513020833333334 0.6315104166666666 0.08984375 0.1328125
4 0.4609375 0.62109375 0.0234375 0.048177083333333336
4 0.5091145833333334 0.6223958333333334 0.024739583333333332 0.052083333333333336
4 0.4869791666666667 0.6171875 0.024739583333333332 0.052083333333333336
4 0.515625 0.67578125 0.026041666666666668 0.052083333333333336
4 0.45703125 0.6731770833333334 0.0234375 0.049479166666666664
4 0.48828125 0.6783854166666666 0.024739583333333332 0.049479166666666664
3 0.6028645833333334 0.3580729166666667 0.016927083333333332 0.033854166666666664
3 0.5364583333333334 0.4283854166666667 0.018229166666666668 0.032552083333333336
3 0.5716145833333334 0.4283854166666667 0.016927083333333332 0.029947916666666668
3 0.5377604166666666 0.3606770833333333 0.016927083333333332 0.03125
3 0.60546875 0.4283854166666667 0.015625 0.032552083333333336
3 0.5703125 0.36328125 0.015625 0.029947916666666668