0 0.7630208333333334 0.6197916666666666 0.08463541666666667 0.13020833333333334
2 0.6041666666666666 0.3736979166666667 0.06510416666666667 0.14453125
4 0.6119791666666666 0.6536458333333334 0.026041666666666668 0.053385416666666664
4 0.6432291666666666 0.640625 0.026041666666666668 0.052083333333333336
4 0.5833333333333334 0.59375 0.0234375 0.048177083333333336
4 0.6393229166666666 0.5911458333333334 0.0234375 0.049479166666666664
4 0.6106770833333334 0.5911458333333334 0.0234375 0.049479166666666664
4 0.5846354166666666 0.65234375 0.026041666666666668 0.055989583333333336
3 0.4700520833333333 0.4479166666666667 0.016927083333333332 0.033854166666666664
3 0.5390625 0.44140625 0.018229166666666668 0.033854166666666664
3 0.53515625 0.375 0.015625 0.028645833333333332
3 0.5013020833333334 0.37890625 0.015625 0.026041666666666668
3 0.46875 0.3828125 0.015625 0.029947916666666668
3 0.50390625 0.4440104166666667 0.015625 0.032552083333333336