0 0.765625 0.6145833333333334 0.08072916666666667 0.12630208333333334
4 0.609375 0.4817708333333333 0.026041666666666668 0.044270833333333336
4 0.65234375 0.4752604166666667 0.02734375 0.049479166666666664
4 0.58984375 0.5221354166666666 0.026041666666666668 0.044270833333333336
4 0.6315104166666666 0.5182291666666666 0.026041666666666668 0.045572916666666664
4 0.6184895833333334 0.5572916666666666 0.026041666666666668 0.049479166666666664
3 0.5533854166666666 0.61328125 0.014322916666666666 0.022135416666666668
3 0.5104166666666666 0.5598958333333334 0.013020833333333334 0.026041666666666668
3 0.4869791666666667 0.64453125 0.014322916666666666 0.0234375
4 0.6263020833333334 0.4453125 0.02734375 0.048177083333333336
2 0.4700520833333333 0.4036458333333333 0.052083333333333336 0.13541666666666666
3 0.4752604166666667 0.5768229166666666 0.01171875 0.020833333333333332
3 0.5416666666666666 0.5442708333333334 0.009114583333333334 0.022135416666666668
3 0.5208333333333334 0.62890625 0.014322916666666666 0.022135416666666668