2 0.48828125 0.41015625 0.07291666666666667 0.09895833333333333
0 0.7604166666666666 0.6184895833333334 0.08854166666666667 0.13151041666666666
4 0.6458333333333334 0.3932291666666667 0.026041666666666668 0.048177083333333336
4 0.5911458333333334 0.39453125 0.024739583333333332 0.049479166666666664
3 0.5651041666666666 0.6236979166666666 0.020833333333333332 0.029947916666666668
4 0.5885416666666666 0.3424479166666667 0.0234375 0.044270833333333336
4 0.6471354166666666 0.3411458333333333 0.026041666666666668 0.046875
3 0.5638020833333334 0.5533854166666666 0.018229166666666668 0.03125
4 0.6171875 0.3411458333333333 0.024739583333333332 0.046875
3 0.6302083333333334 0.55078125 0.018229166666666668 0.03125
4 0.6184895833333334 0.3984375 0.024739583333333332 0.045572916666666664
3 0.59765625 0.6223958333333334 0.016927083333333332 0.02734375
3 0.59765625 0.5533854166666666 0.016927083333333332 0.029947916666666668
3 0.6302083333333334 0.6223958333333334 0.018229166666666668 0.029947916666666668