2 0.44140625 0.6536458333333334 0.07552083333333333 0.10026041666666667
0 0.7161458333333334 0.6484375 0.09114583333333333 0.13671875
4 0.5104166666666666 0.5130208333333334 0.024739583333333332 0.045572916666666664
4 0.51171875 0.46484375 0.026041666666666668 0.04296875
4 0.5104166666666666 0.4192708333333333 0.024739583333333332 0.045572916666666664
4 0.5403645833333334 0.51171875 0.024739583333333332 0.044270833333333336
4 0.5390625 0.4166666666666667 0.022135416666666668 0.045572916666666664
4 0.5403645833333334 0.4622395833333333 0.024739583333333332 0.04296875
3 0.62890625 0.31640625 0.016927083333333332 0.02734375
3 0.6328125 0.43359375 0.016927083333333332 0.029947916666666668
3 0.5963541666666666 0.4375 0.016927083333333332 0.029947916666666668
3 0.6302083333333334 0.3723958333333333 0.016927083333333332 0.028645833333333332
3 0.5924479166666666 0.3177083333333333 0.016927083333333332 0.03125
3 0.5885416666666666 0.3763020833333333 0.016927083333333332 0.028645833333333332