4 0.5677083333333334 0.3125 0.026041666666666668 0.048177083333333336
4 0.5950520833333334 0.3059895833333333 0.020833333333333332 0.045572916666666664
4 0.625 0.3580729166666667 0.026041666666666668 0.052083333333333336
4 0.5703125 0.3684895833333333 0.024739583333333332 0.052083333333333336
2 0.4752604166666667 0.5559895833333334 0.07291666666666667 0.10026041666666667
4 0.6002604166666666 0.36328125 0.024739583333333332 0.049479166666666664
0 0.7486979166666666 0.453125 0.07942708333333333 0.13802083333333334
4 0.62109375 0.3059895833333333 0.022135416666666668 0.044270833333333336
3 0.6315104166666666 0.546875 0.015625 0.024739583333333332
3 0.5963541666666666 0.5481770833333334 0.014322916666666666 0.0234375
3 0.5651041666666666 0.5494791666666666 0.009114583333333334 0.01953125
3 0.5651041666666666 0.6184895833333334 0.01171875 0.0234375
3 0.5989583333333334 0.6184895833333334 0.014322916666666666 0.024739583333333332
3 0.6354166666666666 0.6197916666666666 0.015625 0.024739583333333332