0 0.7682291666666666 0.625 0.08723958333333333 0.125
4 0.6497395833333334 0.6471354166666666 0.024739583333333332 0.053385416666666664
4 0.64453125 0.5963541666666666 0.024739583333333332 0.049479166666666664
4 0.5872395833333334 0.60546875 0.026041666666666668 0.053385416666666664
4 0.6184895833333334 0.6002604166666666 0.0234375 0.0546875
3 0.5377604166666666 0.3828125 0.015625 0.028645833333333332
4 0.5924479166666666 0.6666666666666666 0.02734375 0.053385416666666664
3 0.47265625 0.4583333333333333 0.018229166666666668 0.032552083333333336
4 0.62109375 0.6614583333333334 0.024739583333333332 0.055989583333333336
3 0.47265625 0.3932291666666667 0.016927083333333332 0.03125
3 0.5403645833333334 0.4544270833333333 0.018229166666666668 0.033854166666666664
3 0.5078125 0.4505208333333333 0.01953125 0.036458333333333336
3 0.5052083333333334 0.38671875 0.014322916666666666 0.024739583333333332
2 0.6080729166666666 0.3815104166666667 0.06770833333333333 0.14583333333333334