2 0.59375 0.6588541666666666 0.07421875 0.10026041666666667
4 0.5091145833333334 0.62109375 0.024739583333333332 0.052083333333333336
4 0.4609375 0.6197916666666666 0.0234375 0.049479166666666664
4 0.4869791666666667 0.6171875 0.024739583333333332 0.052083333333333336
4 0.45703125 0.6731770833333334 0.024739583333333332 0.049479166666666664
4 0.515625 0.67578125 0.026041666666666668 0.052083333333333336
4 0.4895833333333333 0.6770833333333334 0.026041666666666668 0.049479166666666664
0 0.7434895833333334 0.4713541666666667 0.07942708333333333 0.13541666666666666
3 0.6002604166666666 0.3567708333333333 0.016927083333333332 0.033854166666666664
3 0.5364583333333334 0.3606770833333333 0.015625 0.03125
3 0.53515625 0.4270833333333333 0.016927083333333332 0.032552083333333336
3 0.6041666666666666 0.42578125 0.015625 0.03515625
3 0.5703125 0.4244791666666667 0.015625 0.029947916666666668
3 0.56640625 0.3606770833333333 0.015625 0.02734375