2 0.4544270833333333 0.7109375 0.0703125 0.09505208333333333
0 0.5651041666666666 0.38671875 0.08333333333333333 0.13802083333333334
4 0.5885416666666666 0.5455729166666666 0.0234375 0.044270833333333336
4 0.6354166666666666 0.63671875 0.022135416666666668 0.04296875
4 0.48046875 0.5846354166666666 0.020833333333333332 0.044270833333333336
4 0.4479166666666667 0.5520833333333334 0.020833333333333332 0.045572916666666664
4 0.54296875 0.5442708333333334 0.022135416666666668 0.04296875
4 0.78515625 0.4934895833333333 0.024739583333333332 0.04296875
1 0.7369791666666666 0.81640625 0.026041666666666668 0.041666666666666664
1 0.7330729166666666 0.7708333333333334 0.0234375 0.041666666666666664
1 0.7291666666666666 0.72265625 0.0234375 0.040364583333333336
1 0.69921875 0.7734375 0.0234375 0.041666666666666664
1 0.6979166666666666 0.7239583333333334 0.022135416666666668 0.041666666666666664
1 0.7005208333333334 0.8190104166666666 0.0234375 0.040364583333333336
3 0.60546875 0.7265625 0.015625 0.026041666666666668
3 0.58203125 0.77734375 0.014322916666666666 0.024739583333333332
3 0.5325520833333334 0.7799479166666666 0.014322916666666666 0.024739583333333332
3 0.5755208333333334 0.68359375 0.014322916666666666 0.028645833333333332
3 0.5638020833333334 0.8268229166666666 0.013020833333333334 0.022135416666666668
3 0.5520833333333334 0.7291666666666666 0.014322916666666666 0.029947916666666668