3 0.5703125 0.3489583333333333 0.0234375 0.046875
1 0.4752604166666667 0.5546875 0.07291666666666667 0.09635416666666667
3 0.59765625 0.4049479166666667 0.026041666666666668 0.05078125
3 0.5703125 0.4036458333333333 0.024739583333333332 0.046875
3 0.6223958333333334 0.3528645833333333 0.024739583333333332 0.048177083333333336
3 0.6236979166666666 0.3997395833333333 0.02734375 0.053385416666666664
3 0.5950520833333334 0.34765625 0.0234375 0.048177083333333336
2 0.5638020833333334 0.5481770833333334 0.01953125 0.029947916666666668
2 0.5651041666666666 0.6171875 0.01953125 0.028645833333333332
2 0.6276041666666666 0.546875 0.01953125 0.03125
2 0.6276041666666666 0.6119791666666666 0.020833333333333332 0.03125
2 0.59375 0.5481770833333334 0.018229166666666668 0.032552083333333336
2 0.59765625 0.6158854166666666 0.018229166666666668 0.028645833333333332
0 0.7473958333333334 0.45703125 0.07682291666666667 0.14192708333333334