2 0.59375 0.6588541666666666 0.07552083333333333 0.09505208333333333
4 0.5091145833333334 0.6197916666666666 0.024739583333333332 0.05078125
4 0.4869791666666667 0.6158854166666666 0.024739583333333332 0.05078125
4 0.515625 0.6744791666666666 0.026041666666666668 0.05078125
4 0.4895833333333333 0.67578125 0.024739583333333332 0.048177083333333336
4 0.4583333333333333 0.671875 0.0234375 0.048177083333333336
4 0.4609375 0.6197916666666666 0.0234375 0.048177083333333336
3 0.5546875 0.5104166666666666 0.018229166666666668 0.032552083333333336
0 0.734375 0.45703125 0.07682291666666667 0.12369791666666667
3 0.5911458333333334 0.5091145833333334 0.015625 0.029947916666666668
3 0.5546875 0.4388020833333333 0.018229166666666668 0.033854166666666664
3 0.6223958333333334 0.5091145833333334 0.018229166666666668 0.032552083333333336
3 0.62109375 0.4388020833333333 0.016927083333333332 0.03125
3 0.5872395833333334 0.4401041666666667 0.015625 0.028645833333333332