4 0.58984375 0.5572916666666666 0.0234375 0.046875
4 0.6380208333333334 0.64453125 0.022135416666666668 0.04296875
2 0.7278645833333334 0.3346354166666667 0.06380208333333333 0.140625
4 0.54296875 0.55859375 0.022135416666666668 0.045572916666666664
0 0.55859375 0.3997395833333333 0.08723958333333333 0.13671875
4 0.4466145833333333 0.5716145833333334 0.022135416666666668 0.044270833333333336
4 0.7838541666666666 0.4921875 0.024739583333333332 0.04296875
4 0.4817708333333333 0.6015625 0.022135416666666668 0.041666666666666664
1 0.7330729166666666 0.7252604166666666 0.0234375 0.04296875
1 0.7044270833333334 0.78125 0.0234375 0.044270833333333336
1 0.7447916666666666 0.82421875 0.026041666666666668 0.041666666666666664
1 0.703125 0.73046875 0.022135416666666668 0.04296875
3 0.6145833333333334 0.7434895833333334 0.014322916666666666 0.024739583333333332
1 0.7369791666666666 0.7734375 0.024739583333333332 0.04296875
1 0.7096354166666666 0.8307291666666666 0.0234375 0.03515625
3 0.5911458333333334 0.7916666666666666 0.014322916666666666 0.024739583333333332
3 0.5729166666666666 0.8450520833333334 0.013020833333333334 0.0234375
3 0.5794270833333334 0.703125 0.015625 0.026041666666666668
3 0.5442708333333334 0.7981770833333334 0.014322916666666666 0.02734375
3 0.55859375 0.7526041666666666 0.016927083333333332 0.03125