2 0.4466145833333333 0.7109375 0.078125 0.11197916666666667
4 0.58984375 0.5455729166666666 0.0234375 0.044270833333333336
4 0.4440104166666667 0.55078125 0.020833333333333332 0.044270833333333336
4 0.54296875 0.54296875 0.022135416666666668 0.044270833333333336
4 0.6354166666666666 0.63671875 0.022135416666666668 0.041666666666666664
4 0.48046875 0.5859375 0.020833333333333332 0.044270833333333336
4 0.7838541666666666 0.4921875 0.024739583333333332 0.04296875
1 0.7330729166666666 0.76953125 0.0234375 0.040364583333333336
0 0.5651041666666666 0.3854166666666667 0.08333333333333333 0.13671875
1 0.7369791666666666 0.8190104166666666 0.026041666666666668 0.041666666666666664
1 0.7278645833333334 0.72265625 0.0234375 0.040364583333333336
1 0.6979166666666666 0.7252604166666666 0.022135416666666668 0.041666666666666664
1 0.7005208333333334 0.7734375 0.0234375 0.041666666666666664
1 0.7005208333333334 0.8216145833333334 0.0234375 0.040364583333333336
3 0.60546875 0.7265625 0.015625 0.026041666666666668
3 0.58203125 0.7786458333333334 0.014322916666666666 0.0234375
3 0.5325520833333334 0.7786458333333334 0.014322916666666666 0.024739583333333332
3 0.5768229166666666 0.6848958333333334 0.014322916666666666 0.029947916666666668
3 0.5611979166666666 0.82421875 0.013020833333333334 0.022135416666666668
3 0.5533854166666666 0.7330729166666666 0.015625 0.032552083333333336