2 0.5364583333333334 0.65625 0.08072916666666667 0.10026041666666667
4 0.57421875 0.359375 0.02734375 0.049479166666666664
4 0.62890625 0.3541666666666667 0.026041666666666668 0.048177083333333336
4 0.5729166666666666 0.3046875 0.024739583333333332 0.048177083333333336
4 0.6002604166666666 0.359375 0.026041666666666668 0.046875
4 0.59765625 0.30078125 0.0234375 0.044270833333333336
4 0.625 0.2981770833333333 0.0234375 0.045572916666666664
0 0.734375 0.4557291666666667 0.07942708333333333 0.125
3 0.56640625 0.5716145833333334 0.016927083333333332 0.029947916666666668
3 0.6145833333333334 0.4635416666666667 0.016927083333333332 0.03125
3 0.5520833333333334 0.50390625 0.016927083333333332 0.026041666666666668
3 0.59765625 0.5481770833333334 0.014322916666666666 0.026041666666666668
3 0.5807291666666666 0.4856770833333333 0.015625 0.024739583333333332
3 0.6302083333333334 0.5286458333333334 0.015625 0.029947916666666668