4 0.4856770833333333 0.6041666666666666 0.022135416666666668 0.048177083333333336
2 0.4622395833333333 0.47265625 0.06640625 0.13411458333333334
3 0.4934895833333333 0.3515625 0.014322916666666666 0.0234375
3 0.51171875 0.2903645833333333 0.010416666666666666 0.026041666666666668
3 0.46484375 0.3216145833333333 0.014322916666666666 0.022135416666666668
4 0.5950520833333334 0.5598958333333334 0.0234375 0.046875
3 0.4557291666666667 0.23046875 0.013020833333333334 0.02734375
4 0.6770833333333334 0.5104166666666666 0.024739583333333332 0.04296875
4 0.6419270833333334 0.6575520833333334 0.024739583333333332 0.044270833333333336
0 0.65234375 0.3229166666666667 0.0859375 0.14322916666666666
4 0.7447916666666666 0.3125 0.7526041666666666 0.3255208333333333 0.7526041666666666 0.3385416666666667 0.75 0.3411458333333333 0.75 0.3463541666666667 0.7447916666666666 0.3515625 0.734375 0.3515625 0.7317708333333334 0.3411458333333333 0.7291666666666666 0.3385416666666667 0.7291666666666666 0.328125 0.7317708333333334 0.3255208333333333 0.7317708333333334 0.3203125 0.7395833333333334 0.3125 0.7421875 0.3125
4 0.7526041666666666 0.40625 0.7604166666666666 0.4192708333333333 0.7604166666666666 0.4322916666666667 0.7526041666666666 0.4453125 0.7447916666666666 0.4453125 0.7395833333333334 0.4401041666666667 0.7395833333333334 0.4348958333333333 0.7369791666666666 0.4322916666666667 0.7369791666666666 0.4192708333333333 0.7421875 0.4088541666666667 0.75 0.40625
3 0.4856770833333333 0.26171875 0.01171875 0.024739583333333332
1 0.4075520833333333 0.71875 0.0234375 0.0390625
1 0.4244791666666667 0.6809895833333334 0.022135416666666668 0.0390625
1 0.44921875 0.7135416666666666 0.0234375 0.036458333333333336
1 0.3919270833333333 0.7578125 0.022135416666666668 0.0390625
1 0.4322916666666667 0.75390625 0.026041666666666668 0.044270833333333336
1 0.4166666666666667 0.7890625 0.024739583333333332 0.041666666666666664