4 0.57421875 0.359375 0.026041666666666668 0.049479166666666664
4 0.62890625 0.3541666666666667 0.024739583333333332 0.048177083333333336
4 0.6015625 0.3580729166666667 0.024739583333333332 0.046875
4 0.5729166666666666 0.3046875 0.026041666666666668 0.046875
2 0.4752604166666667 0.5533854166666666 0.07161458333333333 0.09505208333333333
4 0.5963541666666666 0.30078125 0.0234375 0.044270833333333336
4 0.6263020833333334 0.2981770833333333 0.022135416666666668 0.046875
3 0.6223958333333334 0.51953125 0.018229166666666668 0.028645833333333332
0 0.7473958333333334 0.4557291666666667 0.07942708333333333 0.13932291666666666
3 0.5963541666666666 0.5950520833333334 0.01171875 0.022135416666666668
3 0.5924479166666666 0.5247395833333334 0.014322916666666666 0.0234375
3 0.56640625 0.6002604166666666 0.01171875 0.0234375
3 0.5611979166666666 0.53125 0.009114583333333334 0.022135416666666668
3 0.6302083333333334 0.5885416666666666 0.014322916666666666 0.028645833333333332