2 0.4713541666666667 0.4049479166666667 0.0546875 0.13932291666666666
0 0.76171875 0.6197916666666666 0.0859375 0.13020833333333334
4 0.609375 0.4622395833333333 0.02734375 0.046875
4 0.6419270833333334 0.4583333333333333 0.026041666666666668 0.046875
4 0.6041666666666666 0.3684895833333333 0.024739583333333332 0.046875
4 0.63671875 0.36328125 0.024739583333333332 0.046875
4 0.6041666666666666 0.41796875 0.028645833333333332 0.04296875
4 0.6380208333333334 0.41015625 0.028645833333333332 0.044270833333333336
3 0.59375 0.6171875 0.015625 0.02734375
3 0.625 0.546875 0.015625 0.02734375
3 0.6380208333333334 0.6627604166666666 0.016927083333333332 0.029947916666666668
3 0.5885416666666666 0.5598958333333334 0.013020833333333334 0.026041666666666668
3 0.5989583333333334 0.6783854166666666 0.014322916666666666 0.02734375
3 0.6354166666666666 0.6028645833333334 0.015625 0.029947916666666668