4 0.5143229166666666 0.3697916666666667 0.022135416666666668 0.045572916666666664
0 0.828125 0.5846354166666666 0.09244791666666667 0.12760416666666666
4 0.54296875 0.42578125 0.0234375 0.04296875
4 0.53125 0.5390625 0.022135416666666668 0.04296875
4 0.42578125 0.3971354166666667 0.022135416666666668 0.044270833333333336
4 0.7434895833333334 0.3359375 0.024739583333333332 0.041666666666666664
4 0.4700520833333333 0.3736979166666667 0.020833333333333332 0.04296875
1 0.4505208333333333 0.5065104166666666 0.01953125 0.0390625
2 0.62890625 0.3138020833333333 0.06901041666666667 0.10286458333333333
3 0.5221354166666666 0.625 0.014322916666666666 0.026041666666666668
1 0.4778645833333333 0.5455729166666666 0.01953125 0.03515625
1 0.4635416666666667 0.5807291666666666 0.01953125 0.036458333333333336
1 0.4231770833333333 0.5872395833333334 0.01953125 0.03515625
1 0.4388020833333333 0.5481770833333334 0.01953125 0.036458333333333336
1 0.4518229166666667 0.62890625 0.016927083333333332 0.033854166666666664
3 0.5078125 0.6888020833333334 0.013020833333333334 0.022135416666666668
3 0.58203125 0.6666666666666666 0.015625 0.026041666666666668
3 0.57421875 0.73046875 0.014322916666666666 0.022135416666666668
3 0.5546875 0.6484375 0.014322916666666666 0.0234375
3 0.5377604166666666 0.7109375 0.016927083333333332 0.033854166666666664