2 0.7421875 0.69140625 0.08072916666666667 0.09375
0 0.6119791666666666 0.7734375 0.07682291666666667 0.13151041666666666
3 0.5078125 0.5390625 0.015625 0.026041666666666668
3 0.4765625 0.5403645833333334 0.014322916666666666 0.0234375
3 0.5052083333333334 0.4700520833333333 0.015625 0.026041666666666668
3 0.44140625 0.5403645833333334 0.014322916666666666 0.0234375
3 0.44140625 0.46875 0.015625 0.026041666666666668
3 0.4752604166666667 0.4700520833333333 0.014322916666666666 0.026041666666666668
4 0.7044270833333334 0.5260416666666666 0.0234375 0.048177083333333336
4 0.7825520833333334 0.4244791666666667 0.026041666666666668 0.05078125
1 0.5247395833333334 0.2903645833333333 0.022135416666666668 0.037760416666666664
1 0.5533854166666666 0.26171875 0.0234375 0.048177083333333336
1 0.5416666666666666 0.3294270833333333 0.0234375 0.041666666666666664
1 0.5651041666666666 0.3033854166666667 0.022135416666666668 0.04296875
1 0.5807291666666666 0.3411458333333333 0.026041666666666668 0.037760416666666664
1 0.5520833333333334 0.3697916666666667 0.022135416666666668 0.046875
4 0.75390625 0.36328125 0.024739583333333332 0.04296875