0 0.76171875 0.6197916666666666 0.08203125 0.12890625
2 0.6041666666666666 0.375 0.06510416666666667 0.14322916666666666
4 0.6119791666666666 0.6510416666666666 0.026041666666666668 0.052083333333333336
4 0.6419270833333334 0.6393229166666666 0.026041666666666668 0.052083333333333336
4 0.5833333333333334 0.5924479166666666 0.0234375 0.049479166666666664
4 0.6106770833333334 0.58984375 0.024739583333333332 0.049479166666666664
4 0.5833333333333334 0.65234375 0.026041666666666668 0.055989583333333336
4 0.6393229166666666 0.58984375 0.0234375 0.049479166666666664
3 0.5390625 0.4388020833333333 0.016927083333333332 0.033854166666666664
3 0.46875 0.4440104166666667 0.016927083333333332 0.033854166666666664
3 0.53515625 0.375 0.015625 0.028645833333333332
3 0.5013020833333334 0.3776041666666667 0.014322916666666666 0.024739583333333332
3 0.46875 0.3802083333333333 0.015625 0.028645833333333332
3 0.5026041666666666 0.44140625 0.015625 0.032552083333333336