0 0.6067708333333334 0.3606770833333333 0.08333333333333333 0.13932291666666666
2 0.7291666666666666 0.3333333333333333 0.0625 0.14192708333333334
4 0.5911458333333334 0.5559895833333334 0.022135416666666668 0.045572916666666664
4 0.6458333333333334 0.5338541666666666 0.0234375 0.044270833333333336
4 0.4817708333333333 0.6015625 0.022135416666666668 0.045572916666666664
4 0.484375 0.3606770833333333 0.020833333333333332 0.041666666666666664
4 0.6380208333333334 0.6536458333333334 0.0234375 0.041666666666666664
1 0.6119791666666666 0.734375 0.0234375 0.041666666666666664
1 0.6119791666666666 0.69140625 0.022135416666666668 0.040364583333333336
1 0.5846354166666666 0.6861979166666666 0.01953125 0.040364583333333336
1 0.58203125 0.7369791666666666 0.022135416666666668 0.041666666666666664
1 0.609375 0.78515625 0.024739583333333332 0.041666666666666664
3 0.50390625 0.6458333333333334 0.015625 0.026041666666666668
1 0.5755208333333334 0.7838541666666666 0.01953125 0.03515625
3 0.4739583333333333 0.7760416666666666 0.015625 0.0234375
3 0.453125 0.7083333333333334 0.014322916666666666 0.026041666666666668
3 0.484375 0.6770833333333334 0.013020833333333334 0.02734375
3 0.5325520833333334 0.7044270833333334 0.015625 0.02734375
3 0.5013020833333334 0.734375 0.014322916666666666 0.0234375