0 0.7565104166666666 0.6432291666666666 0.078125 0.14583333333333334
4 0.4869791666666667 0.6236979166666666 0.024739583333333332 0.052083333333333336
4 0.51171875 0.6263020833333334 0.024739583333333332 0.05078125
2 0.5924479166666666 0.6705729166666666 0.07552083333333333 0.10286458333333333
3 0.6484375 0.4088541666666667 0.016927083333333332 0.022135416666666668
3 0.7135416666666666 0.4010416666666667 0.015625 0.029947916666666668
3 0.6822916666666666 0.4075520833333333 0.014322916666666666 0.0234375
4 0.4869791666666667 0.6822916666666666 0.024739583333333332 0.05078125
4 0.5143229166666666 0.6809895833333334 0.026041666666666668 0.053385416666666664
4 0.4557291666666667 0.67578125 0.024739583333333332 0.049479166666666664
3 0.7122395833333334 0.3372395833333333 0.01953125 0.029947916666666668
4 0.4596354166666667 0.6197916666666666 0.024739583333333332 0.049479166666666664
3 0.6770833333333334 0.3346354166666667 0.018229166666666668 0.028645833333333332