2 0.7408854166666666 0.6901041666666666 0.08203125 0.09375
0 0.6119791666666666 0.7721354166666666 0.078125 0.1328125
3 0.5078125 0.5390625 0.015625 0.026041666666666668
3 0.5052083333333334 0.4700520833333333 0.015625 0.026041666666666668
3 0.44140625 0.5403645833333334 0.014322916666666666 0.0234375
3 0.4752604166666667 0.4700520833333333 0.014322916666666666 0.026041666666666668
3 0.44140625 0.46875 0.015625 0.026041666666666668
3 0.4765625 0.5403645833333334 0.014322916666666666 0.0234375
3 0.4739583333333333 0.5403645833333334 0.014322916666666666 0.0234375
1 0.5247395833333334 0.29296875 0.0234375 0.045572916666666664
1 0.5533854166666666 0.26171875 0.0234375 0.044270833333333336
1 0.5651041666666666 0.3046875 0.022135416666666668 0.044270833333333336
1 0.5403645833333334 0.3294270833333333 0.020833333333333332 0.0390625
1 0.5520833333333334 0.3671875 0.0234375 0.048177083333333336
1 0.58203125 0.3411458333333333 0.026041666666666668 0.04296875
4 0.78125 0.4010416666666667 0.7916666666666666 0.4140625 0.7916666666666666 0.4296875 0.7838541666666666 0.4427083333333333 0.7734375 0.4427083333333333 0.7734375 0.4296875 0.7708333333333334 0.4270833333333333 0.7708333333333334 0.4088541666666667 0.7734375 0.4036458333333333 0.7786458333333334 0.4010416666666667