4 0.57421875 0.3567708333333333 0.02734375 0.049479166666666664
4 0.6302083333333334 0.3541666666666667 0.026041666666666668 0.048177083333333336
4 0.6015625 0.3567708333333333 0.026041666666666668 0.045572916666666664
4 0.5729166666666666 0.3046875 0.024739583333333332 0.049479166666666664
2 0.5924479166666666 0.66015625 0.078125 0.09375
4 0.59765625 0.30078125 0.024739583333333332 0.045572916666666664
4 0.6276041666666666 0.2981770833333333 0.0234375 0.046875
0 0.7486979166666666 0.4557291666666667 0.08333333333333333 0.14192708333333334
3 0.5651041666666666 0.5716145833333334 0.018229166666666668 0.03125
3 0.6145833333333334 0.46484375 0.016927083333333332 0.032552083333333336
3 0.5533854166666666 0.50390625 0.01953125 0.03125
3 0.5833333333333334 0.4856770833333333 0.015625 0.0234375
3 0.59765625 0.5494791666666666 0.013020833333333334 0.020833333333333332
3 0.62890625 0.5299479166666666 0.015625 0.024739583333333332