0 0.7161458333333334 0.6471354166666666 0.08723958333333333 0.13411458333333334
2 0.5533854166666666 0.62890625 0.08072916666666667 0.09765625
3 0.64453125 0.4127604166666667 0.018229166666666668 0.03125
3 0.6770833333333334 0.4088541666666667 0.016927083333333332 0.03125
3 0.7096354166666666 0.3359375 0.01953125 0.028645833333333332
3 0.7109375 0.4010416666666667 0.018229166666666668 0.03515625
4 0.5260416666666666 0.3893229166666667 0.024739583333333332 0.044270833333333336
4 0.4921875 0.3502604166666667 0.026041666666666668 0.046875
4 0.5299479166666666 0.4375 0.022135416666666668 0.046875
3 0.64453125 0.3411458333333333 0.018229166666666668 0.02734375
4 0.5247395833333334 0.3463541666666667 0.024739583333333332 0.046875
4 0.49609375 0.3958333333333333 0.026041666666666668 0.04296875
3 0.6744791666666666 0.3411458333333333 0.018229166666666668 0.029947916666666668
4 0.4934895833333333 0.44140625 0.024739583333333332 0.048177083333333336