2 0.6197916666666666 0.3580729166666667 0.0625 0.15104166666666666
0 0.7630208333333334 0.6184895833333334 0.0859375 0.13020833333333334
4 0.6119791666666666 0.65234375 0.026041666666666668 0.053385416666666664
4 0.6419270833333334 0.640625 0.026041666666666668 0.052083333333333336
4 0.5833333333333334 0.6536458333333334 0.026041666666666668 0.0546875
4 0.6106770833333334 0.58984375 0.0234375 0.049479166666666664
4 0.6380208333333334 0.58984375 0.0234375 0.049479166666666664
4 0.5833333333333334 0.5924479166666666 0.0234375 0.046875
3 0.53515625 0.4973958333333333 0.018229166666666668 0.032552083333333336
3 0.46484375 0.5416666666666666 0.015625 0.029947916666666668
3 0.50390625 0.4869791666666667 0.016927083333333332 0.029947916666666668
3 0.5325520833333334 0.5611979166666666 0.016927083333333332 0.03125
3 0.4713541666666667 0.4752604166666667 0.014322916666666666 0.029947916666666668
3 0.4973958333333333 0.5520833333333334 0.015625 0.028645833333333332