2 0.58984375 0.6588541666666666 0.08072916666666667 0.09765625
4 0.453125 0.5169270833333334 0.026041666666666668 0.048177083333333336
4 0.484375 0.5169270833333334 0.026041666666666668 0.048177083333333336
4 0.5104166666666666 0.5104166666666666 0.026041666666666668 0.052083333333333336
4 0.453125 0.4609375 0.0234375 0.044270833333333336
4 0.4765625 0.4596354166666667 0.0234375 0.045572916666666664
4 0.5013020833333334 0.45703125 0.024739583333333332 0.046875
0 0.7356770833333334 0.45703125 0.07942708333333333 0.125
3 0.5872395833333334 0.5377604166666666 0.015625 0.02734375
3 0.62109375 0.5364583333333334 0.016927083333333332 0.03125
3 0.5533854166666666 0.5364583333333334 0.016927083333333332 0.02734375
3 0.62109375 0.4661458333333333 0.015625 0.028645833333333332
3 0.5859375 0.4674479166666667 0.014322916666666666 0.026041666666666668
3 0.5533854166666666 0.4674479166666667 0.016927083333333332 0.029947916666666668