4 0.5911458333333334 0.5559895833333334 0.0234375 0.046875
0 0.5625 0.3997395833333333 0.08203125 0.13541666666666666
4 0.4830729166666667 0.6028645833333334 0.022135416666666668 0.046875
4 0.5442708333333334 0.5559895833333334 0.020833333333333332 0.045572916666666664
4 0.4466145833333333 0.5716145833333334 0.022135416666666668 0.046875
4 0.7838541666666666 0.4921875 0.024739583333333332 0.041666666666666664
2 0.7200520833333334 0.3307291666666667 0.057291666666666664 0.140625
4 0.6315104166666666 0.6471354166666666 0.015625 0.036458333333333336
3 0.5052083333333334 0.6471354166666666 0.014322916666666666 0.026041666666666668
1 0.6119791666666666 0.73828125 0.022135416666666668 0.040364583333333336
1 0.58203125 0.7356770833333334 0.022135416666666668 0.0390625
1 0.6119791666666666 0.7877604166666666 0.0234375 0.037760416666666664
1 0.5859375 0.6888020833333334 0.01953125 0.0390625
3 0.4544270833333333 0.7109375 0.014322916666666666 0.026041666666666668
1 0.57421875 0.78515625 0.020833333333333332 0.033854166666666664
1 0.6145833333333334 0.6888020833333334 0.020833333333333332 0.040364583333333336
3 0.4752604166666667 0.77734375 0.014322916666666666 0.022135416666666668
3 0.5 0.7369791666666666 0.014322916666666666 0.0234375
3 0.4830729166666667 0.6796875 0.013020833333333334 0.026041666666666668
3 0.5338541666666666 0.70703125 0.016927083333333332 0.026041666666666668