2 0.6354166666666666 0.3111979166666667 0.07552083333333333 0.09244791666666667
4 0.7434895833333334 0.3359375 0.0234375 0.040364583333333336
4 0.42578125 0.3971354166666667 0.0234375 0.04296875
4 0.68359375 0.60546875 0.0234375 0.041666666666666664
0 0.8294270833333334 0.5859375 0.08723958333333333 0.13020833333333334
4 0.4713541666666667 0.3723958333333333 0.022135416666666668 0.04296875
4 0.6432291666666666 0.6588541666666666 0.022135416666666668 0.040364583333333336
1 0.4505208333333333 0.5078125 0.01953125 0.0390625
1 0.44921875 0.625 0.018229166666666668 0.032552083333333336
1 0.4778645833333333 0.5455729166666666 0.018229166666666668 0.03515625
1 0.4622395833333333 0.5794270833333334 0.01953125 0.03515625
1 0.4231770833333333 0.5872395833333334 0.01953125 0.033854166666666664
1 0.4388020833333333 0.546875 0.020833333333333332 0.037760416666666664
3 0.5221354166666666 0.625 0.014322916666666666 0.026041666666666668
3 0.5078125 0.6888020833333334 0.013020833333333334 0.022135416666666668
3 0.5533854166666666 0.6484375 0.014322916666666666 0.0234375
3 0.5807291666666666 0.6666666666666666 0.015625 0.02734375
3 0.57421875 0.7291666666666666 0.014322916666666666 0.022135416666666668
3 0.5390625 0.7096354166666666 0.014322916666666666 0.028645833333333332