2 0.7434895833333334 0.69140625 0.08072916666666667 0.09375
0 0.6119791666666666 0.7786458333333334 0.07552083333333333 0.13151041666666666
4 0.65625 0.4765625 0.0234375 0.041666666666666664
4 0.6940104166666666 0.4427083333333333 0.022135416666666668 0.04296875
4 0.7044270833333334 0.5260416666666666 0.022135416666666668 0.040364583333333336
3 0.5078125 0.5403645833333334 0.015625 0.024739583333333332
3 0.5052083333333334 0.4713541666666667 0.015625 0.024739583333333332
3 0.4752604166666667 0.5416666666666666 0.014322916666666666 0.020833333333333332
3 0.4427083333333333 0.5416666666666666 0.014322916666666666 0.0234375
3 0.4765625 0.4713541666666667 0.013020833333333334 0.0234375
3 0.4440104166666667 0.4700520833333333 0.015625 0.024739583333333332
4 0.6471354166666666 0.359375 0.01953125 0.0390625
1 0.5677083333333334 0.3072916666666667 0.020833333333333332 0.044270833333333336
1 0.5546875 0.2630208333333333 0.020833333333333332 0.041666666666666664
1 0.5546875 0.3697916666666667 0.020833333333333332 0.040364583333333336
1 0.5872395833333334 0.3424479166666667 0.020833333333333332 0.036458333333333336
1 0.5260416666666666 0.2916666666666667 0.020833333333333332 0.03515625
1 0.5403645833333334 0.3294270833333333 0.0234375 0.04296875