2 0.7434895833333334 0.69140625 0.08072916666666667 0.09375
0 0.6119791666666666 0.7760416666666666 0.07552083333333333 0.12760416666666666
4 0.6940104166666666 0.4440104166666667 0.0234375 0.044270833333333336
4 0.6002604166666666 0.4869791666666667 0.022135416666666668 0.044270833333333336
4 0.7044270833333334 0.52734375 0.020833333333333332 0.040364583333333336
3 0.5078125 0.5403645833333334 0.015625 0.024739583333333332
3 0.4427083333333333 0.5416666666666666 0.013020833333333334 0.0234375
3 0.4752604166666667 0.5416666666666666 0.013020833333333334 0.022135416666666668
3 0.5052083333333334 0.4713541666666667 0.015625 0.0234375
3 0.4440104166666667 0.4700520833333333 0.014322916666666666 0.0234375
3 0.4765625 0.4713541666666667 0.013020833333333334 0.022135416666666668
1 0.5690104166666666 0.3059895833333333 0.020833333333333332 0.04296875
1 0.5859375 0.34375 0.020833333333333332 0.037760416666666664
1 0.5533854166666666 0.37109375 0.01953125 0.037760416666666664
1 0.5455729166666666 0.33203125 0.01953125 0.040364583333333336
4 0.6588541666666666 0.4856770833333333 0.022135416666666668 0.032552083333333336
1 0.5286458333333334 0.29296875 0.022135416666666668 0.0390625
1 0.5546875 0.2591145833333333 0.020833333333333332 0.041666666666666664