0 0.59765625 0.6705729166666666 0.07942708333333333 0.13932291666666666
2 0.7526041666666666 0.7291666666666666 0.08072916666666667 0.09765625
4 0.68359375 0.42578125 0.028645833333333332 0.048177083333333336
4 0.6822916666666666 0.36328125 0.026041666666666668 0.048177083333333336
4 0.7395833333333334 0.3619791666666667 0.026041666666666668 0.049479166666666664
3 0.5 0.4283854166666667 0.018229166666666668 0.029947916666666668
4 0.7395833333333334 0.4231770833333333 0.02734375 0.046875
3 0.5013020833333334 0.36328125 0.01953125 0.036458333333333336
3 0.5338541666666666 0.3606770833333333 0.01171875 0.026041666666666668
3 0.5729166666666666 0.4244791666666667 0.018229166666666668 0.036458333333333336
4 0.7096354166666666 0.4270833333333333 0.024739583333333332 0.044270833333333336
3 0.5677083333333334 0.3619791666666667 0.016927083333333332 0.033854166666666664
3 0.5390625 0.4231770833333333 0.022135416666666668 0.037760416666666664
4 0.7057291666666666 0.3645833333333333 0.022135416666666668 0.044270833333333336