2 0.6328125 0.3138020833333333 0.078125 0.09505208333333333
4 0.68359375 0.60546875 0.0234375 0.041666666666666664
4 0.6770833333333334 0.5091145833333334 0.024739583333333332 0.04296875
4 0.42578125 0.3971354166666667 0.022135416666666668 0.044270833333333336
4 0.7434895833333334 0.3346354166666667 0.024739583333333332 0.040364583333333336
4 0.6432291666666666 0.6575520833333334 0.022135416666666668 0.040364583333333336
0 0.8307291666666666 0.5846354166666666 0.08854166666666667 0.12760416666666666
1 0.4505208333333333 0.6236979166666666 0.018229166666666668 0.033854166666666664
1 0.4505208333333333 0.5078125 0.01953125 0.040364583333333336
1 0.4778645833333333 0.5455729166666666 0.018229166666666668 0.033854166666666664
1 0.4231770833333333 0.5859375 0.01953125 0.03515625
1 0.4635416666666667 0.5794270833333334 0.01953125 0.036458333333333336
3 0.5221354166666666 0.625 0.014322916666666666 0.026041666666666668
1 0.4375 0.546875 0.020833333333333332 0.037760416666666664
3 0.5546875 0.6484375 0.014322916666666666 0.024739583333333332
3 0.5078125 0.6888020833333334 0.013020833333333334 0.022135416666666668
3 0.5807291666666666 0.6666666666666666 0.015625 0.02734375
3 0.57421875 0.7291666666666666 0.014322916666666666 0.0234375
3 0.5390625 0.7083333333333334 0.014322916666666666 0.028645833333333332