4 0.5703125 0.40234375 0.026041666666666668 0.049479166666666664
4 0.625 0.3997395833333333 0.02734375 0.052083333333333336
4 0.5716145833333334 0.3502604166666667 0.024739583333333332 0.046875
4 0.59765625 0.4036458333333333 0.026041666666666668 0.049479166666666664
2 0.4739583333333333 0.5533854166666666 0.07291666666666667 0.09635416666666667
4 0.5963541666666666 0.3450520833333333 0.0234375 0.046875
4 0.62109375 0.34765625 0.0234375 0.046875
0 0.74609375 0.4544270833333333 0.07942708333333333 0.13932291666666666
3 0.5638020833333334 0.5494791666666666 0.014322916666666666 0.026041666666666668
3 0.5963541666666666 0.546875 0.014322916666666666 0.03125
3 0.5638020833333334 0.6197916666666666 0.015625 0.0234375
3 0.59765625 0.6158854166666666 0.018229166666666668 0.028645833333333332
3 0.6315104166666666 0.546875 0.01171875 0.03125
3 0.6315104166666666 0.6158854166666666 0.015625 0.024739583333333332