4 0.58984375 0.5559895833333334 0.0234375 0.046875
2 0.7278645833333334 0.3333333333333333 0.061197916666666664 0.13932291666666666
4 0.6380208333333334 0.6432291666666666 0.020833333333333332 0.041666666666666664
0 0.5598958333333334 0.3997395833333333 0.08333333333333333 0.13541666666666666
4 0.5442708333333334 0.5572916666666666 0.022135416666666668 0.045572916666666664
4 0.4453125 0.5703125 0.020833333333333332 0.044270833333333336
4 0.7838541666666666 0.4921875 0.0234375 0.04296875
1 0.7434895833333334 0.8190104166666666 0.026041666666666668 0.046875
1 0.7330729166666666 0.7252604166666666 0.0234375 0.040364583333333336
1 0.7356770833333334 0.7708333333333334 0.024739583333333332 0.04296875
1 0.7044270833333334 0.7825520833333334 0.0234375 0.045572916666666664
1 0.703125 0.73046875 0.022135416666666668 0.041666666666666664
3 0.4752604166666667 0.7825520833333334 0.014322916666666666 0.0234375
3 0.5143229166666666 0.66015625 0.014322916666666666 0.028645833333333332
3 0.4609375 0.7122395833333334 0.013020833333333334 0.02734375
3 0.5364583333333334 0.72265625 0.015625 0.026041666666666668
3 0.50390625 0.7552083333333334 0.013020833333333334 0.024739583333333332
3 0.4895833333333333 0.6875 0.01171875 0.0234375
1 0.7083333333333334 0.8307291666666666 0.028645833333333332 0.040364583333333336