0 0.7604166666666666 0.6184895833333334 0.09244791666666667 0.13151041666666666
4 0.640625 0.3684895833333333 0.026041666666666668 0.049479166666666664
4 0.60546875 0.4192708333333333 0.028645833333333332 0.046875
4 0.6041666666666666 0.3684895833333333 0.024739583333333332 0.046875
4 0.6106770833333334 0.4661458333333333 0.02734375 0.045572916666666664
4 0.640625 0.4140625 0.02734375 0.045572916666666664
4 0.6432291666666666 0.4622395833333333 0.026041666666666668 0.045572916666666664
3 0.6302083333333334 0.55078125 0.01953125 0.029947916666666668
3 0.5651041666666666 0.5533854166666666 0.018229166666666668 0.032552083333333336
3 0.5651041666666666 0.6236979166666666 0.020833333333333332 0.029947916666666668
3 0.59765625 0.6223958333333334 0.018229166666666668 0.02734375
3 0.59765625 0.5520833333333334 0.01953125 0.03515625
3 0.6328125 0.6236979166666666 0.016927083333333332 0.032552083333333336
2 0.4505208333333333 0.5299479166666666 0.048177083333333336 0.14713541666666666