0 0.6067708333333334 0.3515625 0.08203125 0.13411458333333334
4 0.5911458333333334 0.5546875 0.0234375 0.046875
2 0.7265625 0.33203125 0.06770833333333333 0.1328125
4 0.5442708333333334 0.5572916666666666 0.022135416666666668 0.045572916666666664
4 0.6458333333333334 0.5325520833333334 0.022135416666666668 0.044270833333333336
4 0.6393229166666666 0.65625 0.0234375 0.041666666666666664
4 0.4466145833333333 0.5716145833333334 0.022135416666666668 0.044270833333333336
4 0.4830729166666667 0.6002604166666666 0.022135416666666668 0.044270833333333336
1 0.6106770833333334 0.7421875 0.0234375 0.045572916666666664
1 0.6119791666666666 0.7877604166666666 0.0234375 0.0390625
1 0.61328125 0.6927083333333334 0.020833333333333332 0.040364583333333336
3 0.5065104166666666 0.6471354166666666 0.014322916666666666 0.024739583333333332
1 0.5768229166666666 0.7877604166666666 0.01953125 0.033854166666666664
1 0.5794270833333334 0.7356770833333334 0.0234375 0.041666666666666664
3 0.4544270833333333 0.7096354166666666 0.013020833333333334 0.024739583333333332
1 0.58203125 0.6901041666666666 0.028645833333333332 0.0390625
3 0.4752604166666667 0.7786458333333334 0.014322916666666666 0.020833333333333332
3 0.484375 0.6783854166666666 0.01171875 0.0234375
3 0.5338541666666666 0.7057291666666666 0.015625 0.02734375
3 0.5 0.7356770833333334 0.013020833333333334 0.022135416666666668