2 0.7786458333333334 0.37890625 0.07942708333333333 0.09375
0 0.6940104166666666 0.7369791666666666 0.07942708333333333 0.13020833333333334
4 0.6002604166666666 0.4856770833333333 0.0234375 0.044270833333333336
4 0.6510416666666666 0.3567708333333333 0.0234375 0.04296875
4 0.6575520833333334 0.4765625 0.024739583333333332 0.044270833333333336
4 0.6953125 0.44140625 0.024739583333333332 0.041666666666666664
4 0.7057291666666666 0.5247395833333334 0.0234375 0.041666666666666664
4 0.4713541666666667 0.3723958333333333 0.020833333333333332 0.04296875
1 0.5533854166666666 0.37109375 0.020833333333333332 0.0390625
3 0.57421875 0.7291666666666666 0.015625 0.024739583333333332
3 0.5065104166666666 0.6888020833333334 0.014322916666666666 0.0234375
3 0.5208333333333334 0.625 0.015625 0.029947916666666668
3 0.5833333333333334 0.6653645833333334 0.016927083333333332 0.029947916666666668
1 0.5833333333333334 0.3411458333333333 0.020833333333333332 0.037760416666666664
1 0.5677083333333334 0.3020833333333333 0.020833333333333332 0.041666666666666664
1 0.5533854166666666 0.2604166666666667 0.022135416666666668 0.041666666666666664
1 0.52734375 0.2942708333333333 0.020833333333333332 0.0390625
3 0.5546875 0.6484375 0.014322916666666666 0.024739583333333332
3 0.5442708333333334 0.7174479166666666 0.013020833333333334 0.026041666666666668
1 0.54296875 0.3307291666666667 0.01953125 0.040364583333333336