2 0.4609375 0.4609375 0.07682291666666667 0.15885416666666666
3 0.4544270833333333 0.22916666666666666 0.013020833333333334 0.0234375
3 0.43359375 0.2903645833333333 0.014322916666666666 0.024739583333333332
3 0.484375 0.265625 0.014322916666666666 0.02734375
3 0.51171875 0.2890625 0.013020833333333334 0.020833333333333332
3 0.4934895833333333 0.3502604166666667 0.014322916666666666 0.024739583333333332
3 0.4635416666666667 0.3203125 0.014322916666666666 0.0234375
3 0.5091145833333334 0.4244791666666667 0.01953125 0.04296875
0 0.6549479166666666 0.3190104166666667 0.07942708333333333 0.13541666666666666
4 0.7408854166666666 0.3333333333333333 0.024739583333333332 0.041666666666666664
4 0.7526041666666666 0.40625 0.7604166666666666 0.4192708333333333 0.7604166666666666 0.4322916666666667 0.7526041666666666 0.4453125 0.7447916666666666 0.4453125 0.7395833333333334 0.4401041666666667 0.7395833333333334 0.4348958333333333 0.7369791666666666 0.4322916666666667 0.7369791666666666 0.4192708333333333 0.7421875 0.4088541666666667 0.75 0.40625
4 0.6822916666666666 0.4895833333333333 0.6848958333333334 0.4947916666666667 0.6848958333333334 0.5182291666666666 0.6796875 0.5260416666666666 0.671875 0.5260416666666666 0.6640625 0.515625 0.6640625 0.5 0.6666666666666666 0.4973958333333333 0.6666666666666666 0.4921875 0.6744791666666666 0.4869791666666667 0.6796875 0.4895833333333333
4 0.59375 0.5364583333333334 0.5989583333333334 0.5390625 0.5989583333333334 0.5442708333333334 0.6041666666666666 0.5520833333333334 0.6041666666666666 0.5677083333333334 0.6015625 0.5703125 0.6015625 0.5755208333333334 0.5963541666666666 0.5807291666666666 0.59375 0.5807291666666666 0.5859375 0.5755208333333334 0.5859375 0.5703125 0.5833333333333334 0.5677083333333334 0.5833333333333334 0.5494791666666666 0.5859375 0.546875 0.5859375 0.5416666666666666 0.5911458333333334 0.5390625
4 0.4817708333333333 0.625 0.4739583333333333 0.6171875 0.4739583333333333 0.5911458333333334 0.4765625 0.5859375 0.4791666666666667 0.5833333333333334 0.4869791666666667 0.5833333333333334 0.4921875 0.59375 0.4921875 0.6145833333333334 0.4895833333333333 0.6197916666666666 0.484375 0.6223958333333334
4 0.6432291666666666 0.6380208333333334 0.6510416666666666 0.6536458333333334 0.6510416666666666 0.6640625 0.6484375 0.6666666666666666 0.6458333333333334 0.6770833333333334 0.640625 0.6796875 0.6380208333333334 0.6796875 0.6302083333333334 0.6692708333333334 0.6302083333333334 0.6458333333333334 0.6328125 0.640625 0.640625 0.6380208333333334
1 0.4075520833333333 0.71875 0.026041666666666668 0.044270833333333336
1 0.4244791666666667 0.6796875 0.022135416666666668 0.0390625
1 0.4479166666666667 0.71484375 0.0234375 0.040364583333333336
1 0.3919270833333333 0.7578125 0.024739583333333332 0.044270833333333336
1 0.43359375 0.7552083333333334 0.026041666666666668 0.048177083333333336
1 0.4166666666666667 0.79296875 0.026041666666666668 0.04296875