0 0.7669270833333334 0.62109375 0.08854166666666667 0.13020833333333334
4 0.64453125 0.59375 0.024739583333333332 0.052083333333333336
4 0.64453125 0.6484375 0.026041666666666668 0.052083333333333336
4 0.6119791666666666 0.59375 0.0234375 0.049479166666666664
4 0.5859375 0.6497395833333334 0.024739583333333332 0.055989583333333336
4 0.6145833333333334 0.6510416666666666 0.026041666666666668 0.05078125
3 0.47265625 0.4583333333333333 0.018229166666666668 0.033854166666666664
4 0.5833333333333334 0.58984375 0.0234375 0.046875
3 0.4739583333333333 0.39453125 0.016927083333333332 0.03125
3 0.5078125 0.4505208333333333 0.01953125 0.037760416666666664
3 0.5065104166666666 0.3854166666666667 0.015625 0.02734375
2 0.6067708333333334 0.3815104166666667 0.06770833333333333 0.14973958333333334
3 0.5364583333333334 0.3828125 0.013020833333333334 0.02734375
3 0.5390625 0.4479166666666667 0.014322916666666666 0.028645833333333332