2 0.44140625 0.6510416666666666 0.07552083333333333 0.11067708333333333
0 0.7096354166666666 0.6536458333333334 0.10286458333333333 0.14583333333333334
4 0.51171875 0.4166666666666667 0.0234375 0.046875
4 0.5390625 0.4153645833333333 0.0234375 0.045572916666666664
4 0.51171875 0.46484375 0.024739583333333332 0.044270833333333336
4 0.5390625 0.4635416666666667 0.02734375 0.044270833333333336
4 0.5104166666666666 0.51171875 0.026041666666666668 0.045572916666666664
4 0.5403645833333334 0.51171875 0.02734375 0.04296875
3 0.59375 0.31640625 0.015625 0.029947916666666668
3 0.62890625 0.3125 0.016927083333333332 0.026041666666666668
3 0.5924479166666666 0.3736979166666667 0.013020833333333334 0.028645833333333332
3 0.6328125 0.3723958333333333 0.016927083333333332 0.028645833333333332
3 0.5950520833333334 0.4348958333333333 0.016927083333333332 0.028645833333333332
3 0.6341145833333334 0.43359375 0.015625 0.028645833333333332