0 0.7604166666666666 0.6197916666666666 0.09114583333333333 0.13020833333333334
4 0.6432291666666666 0.6419270833333334 0.026041666666666668 0.053385416666666664
4 0.6393229166666666 0.5911458333333334 0.0234375 0.049479166666666664
4 0.5846354166666666 0.6549479166666666 0.024739583333333332 0.05859375
4 0.6119791666666666 0.6549479166666666 0.02734375 0.0546875
4 0.6119791666666666 0.5911458333333334 0.020833333333333332 0.046875
2 0.4817708333333333 0.38671875 0.055989583333333336 0.1328125
3 0.5013020833333334 0.5559895833333334 0.01171875 0.01953125
3 0.46875 0.5690104166666666 0.01171875 0.018229166666666668
3 0.5091145833333334 0.625 0.013020833333333334 0.01953125
3 0.54296875 0.6145833333333334 0.013020833333333334 0.020833333333333332
3 0.5359375000000001 0.5527777786458333 0.5390625 0.5472222213541666 0.5398437500000001 0.5444444453125 0.5390625 0.5375 0.53515625 0.5347222213541667 0.5320312500000001 0.5347222213541667 0.52890625 0.5388888880208333 0.5281250000000001 0.5416666666666666 0.52890625 0.5499999999999999 0.53125 0.5527777786458333 0.5359375000000001 0.5527777786458333
3 0.4734375 0.6458333333333334 0.47734375 0.6444444453125 0.47890625000000003 0.6416666666666667 0.4796875 0.6347222213541667 0.47890625000000003 0.6305555546875 0.4765625 0.6263888880208334 0.471875 0.6263888880208334 0.46953125 0.6305555546875 0.46875 0.6361111119791667 0.46953125 0.6388888880208333 0.4734375 0.6444444453125 0.4734375 0.6458333333333334
4 0.5833333333333334 0.5963541666666666 0.020833333333333332 0.040364583333333336