2 0.4713541666666667 0.4049479166666667 0.053385416666666664 0.13932291666666666
0 0.7591145833333334 0.6197916666666666 0.08984375 0.13151041666666666
4 0.6041666666666666 0.4739583333333333 0.026041666666666668 0.045572916666666664
4 0.6354166666666666 0.4765625 0.024739583333333332 0.044270833333333336
4 0.60546875 0.4244791666666667 0.026041666666666668 0.045572916666666664
4 0.63671875 0.4309895833333333 0.02734375 0.04296875
4 0.60546875 0.37890625 0.024739583333333332 0.044270833333333336
4 0.6419270833333334 0.3828125 0.024739583333333332 0.045572916666666664
3 0.5677083333333334 0.6263020833333334 0.015625 0.02734375
3 0.5520833333333334 0.5638020833333334 0.015625 0.029947916666666668
3 0.5221354166666666 0.5807291666666666 0.015625 0.028645833333333332
3 0.53515625 0.6497395833333334 0.016927083333333332 0.02734375
3 0.5052083333333334 0.6705729166666666 0.016927083333333332 0.03125
3 0.4934895833333333 0.6028645833333334 0.016927083333333332 0.029947916666666668