0 0.6067708333333334 0.3606770833333333 0.08333333333333333 0.13932291666666666
2 0.7278645833333334 0.3333333333333333 0.0625 0.13932291666666666
4 0.5911458333333334 0.5559895833333334 0.0234375 0.046875
4 0.5442708333333334 0.5559895833333334 0.022135416666666668 0.045572916666666664
4 0.6471354166666666 0.5325520833333334 0.022135416666666668 0.04296875
4 0.6393229166666666 0.6549479166666666 0.0234375 0.041666666666666664
4 0.4830729166666667 0.6002604166666666 0.020833333333333332 0.044270833333333336
1 0.6119791666666666 0.7369791666666666 0.0234375 0.04296875
1 0.6119791666666666 0.7864583333333334 0.0234375 0.037760416666666664
1 0.61328125 0.69140625 0.020833333333333332 0.041666666666666664
3 0.5052083333333334 0.6458333333333334 0.014322916666666666 0.026041666666666668
1 0.578125 0.78515625 0.01953125 0.033854166666666664
1 0.578125 0.7356770833333334 0.026041666666666668 0.040364583333333336
1 0.58203125 0.6888020833333334 0.026041666666666668 0.040364583333333336
3 0.4752604166666667 0.77734375 0.014322916666666666 0.0234375
3 0.4544270833333333 0.7083333333333334 0.013020833333333334 0.024739583333333332
3 0.5338541666666666 0.703125 0.015625 0.026041666666666668
3 0.5013020833333334 0.734375 0.014322916666666666 0.022135416666666668
3 0.484375 0.6770833333333334 0.013020833333333334 0.024739583333333332