4 0.5325520833333334 0.3697916666666667 0.026041666666666668 0.046875
4 0.5572916666666666 0.3671875 0.022135416666666668 0.04296875
4 0.5859375 0.3658854166666667 0.02734375 0.046875
4 0.53125 0.4270833333333333 0.0234375 0.048177083333333336
4 0.5625 0.4322916666666667 0.0234375 0.04296875
4 0.58984375 0.4270833333333333 0.024739583333333332 0.045572916666666664
3 0.64453125 0.34375 0.020833333333333332 0.033854166666666664
3 0.6770833333333334 0.3385416666666667 0.020833333333333332 0.028645833333333332
3 0.7122395833333334 0.3372395833333333 0.01953125 0.033854166666666664
3 0.6458333333333334 0.4088541666666667 0.015625 0.032552083333333336
3 0.6822916666666666 0.40625 0.020833333333333332 0.028645833333333332
3 0.7161458333333334 0.40234375 0.024739583333333332 0.029947916666666668
2 0.5546875 0.625 0.0859375 0.09895833333333333
0 0.74609375 0.6484375 0.10026041666666667 0.140625