2 0.6328125 0.3125 0.078125 0.09375
4 0.5143229166666666 0.3671875 0.022135416666666668 0.04296875
4 0.5416666666666666 0.42578125 0.020833333333333332 0.041666666666666664
4 0.42578125 0.3971354166666667 0.022135416666666668 0.04296875
0 0.828125 0.5859375 0.09244791666666667 0.12890625
4 0.4700520833333333 0.3723958333333333 0.022135416666666668 0.04296875
4 0.7486979166666666 0.3359375 0.016927083333333332 0.037760416666666664
1 0.4505208333333333 0.5104166666666666 0.01953125 0.0390625
3 0.5221354166666666 0.625 0.014322916666666666 0.024739583333333332
1 0.421875 0.5872395833333334 0.01953125 0.036458333333333336
1 0.4778645833333333 0.546875 0.01953125 0.03515625
3 0.58203125 0.6666666666666666 0.015625 0.02734375
3 0.5078125 0.6888020833333334 0.013020833333333334 0.022135416666666668
1 0.4375 0.5455729166666666 0.020833333333333332 0.037760416666666664
3 0.57421875 0.7291666666666666 0.015625 0.0234375
1 0.4518229166666667 0.6223958333333334 0.016927083333333332 0.032552083333333336
3 0.5533854166666666 0.6484375 0.014322916666666666 0.0234375
1 0.4596354166666667 0.58203125 0.020833333333333332 0.036458333333333336
3 0.5455729166666666 0.71484375 0.014322916666666666 0.024739583333333332