2 0.5533854166666666 0.62890625 0.08072916666666667 0.09895833333333333
0 0.7161458333333334 0.6484375 0.08984375 0.13671875
4 0.546875 0.4309895833333333 0.026041666666666668 0.05078125
4 0.5481770833333334 0.3854166666666667 0.026041666666666668 0.041666666666666664
4 0.5442708333333334 0.3372395833333333 0.024739583333333332 0.048177083333333336
4 0.5768229166666666 0.3372395833333333 0.0234375 0.049479166666666664
4 0.5807291666666666 0.4283854166666667 0.02734375 0.046875
3 0.7083333333333334 0.3372395833333333 0.018229166666666668 0.028645833333333332
3 0.7109375 0.3997395833333333 0.018229166666666668 0.03515625
3 0.6770833333333334 0.4088541666666667 0.018229166666666668 0.03125
4 0.578125 0.3854166666666667 0.024739583333333332 0.04296875
3 0.6458333333333334 0.4127604166666667 0.018229166666666668 0.03125
3 0.6432291666666666 0.3424479166666667 0.016927083333333332 0.028645833333333332
3 0.67578125 0.33984375 0.016927083333333332 0.028645833333333332