0 0.7578125 0.6197916666666666 0.09505208333333333 0.1328125
4 0.6484375 0.3932291666666667 0.024739583333333332 0.049479166666666664
4 0.5911458333333334 0.39453125 0.0234375 0.048177083333333336
4 0.6497395833333334 0.3424479166666667 0.02734375 0.049479166666666664
4 0.62109375 0.3984375 0.024739583333333332 0.049479166666666664
4 0.6171875 0.3424479166666667 0.022135416666666668 0.046875
4 0.5885416666666666 0.34375 0.022135416666666668 0.04296875
3 0.6315104166666666 0.5520833333333334 0.01953125 0.03125
3 0.5638020833333334 0.5546875 0.018229166666666668 0.033854166666666664
3 0.5638020833333334 0.6236979166666666 0.01953125 0.029947916666666668
3 0.6302083333333334 0.6223958333333334 0.013020833333333334 0.01953125
3 0.59765625 0.5520833333333334 0.01953125 0.03125
3 0.59765625 0.6236979166666666 0.016927083333333332 0.02734375
2 0.4895833333333333 0.41015625 0.07682291666666667 0.10286458333333333