2 0.7421875 0.69140625 0.08203125 0.09505208333333333
0 0.6119791666666666 0.7734375 0.078125 0.13151041666666666
3 0.5078125 0.5390625 0.015625 0.026041666666666668
3 0.5052083333333334 0.4700520833333333 0.015625 0.026041666666666668
3 0.44140625 0.5403645833333334 0.014322916666666666 0.0234375
3 0.4752604166666667 0.5403645833333334 0.014322916666666666 0.024739583333333332
3 0.4752604166666667 0.4700520833333333 0.014322916666666666 0.026041666666666668
3 0.44140625 0.46875 0.015625 0.026041666666666668
4 0.65625 0.4765625 0.0234375 0.044270833333333336
4 0.7825520833333334 0.4270833333333333 0.026041666666666668 0.046875
1 0.56640625 0.3033854166666667 0.0234375 0.040364583333333336
4 0.6940104166666666 0.44140625 0.0234375 0.044270833333333336
1 0.5520833333333334 0.3723958333333333 0.0234375 0.045572916666666664
4 0.7044270833333334 0.52734375 0.0234375 0.044270833333333336
1 0.5546875 0.2578125 0.020833333333333332 0.046875
1 0.5247395833333334 0.2903645833333333 0.022135416666666668 0.036458333333333336
1 0.5403645833333334 0.3268229166666667 0.0234375 0.0390625
1 0.58203125 0.34375 0.026041666666666668 0.04296875
4 0.6640625 0.2838541666666667 0.6666666666666666 0.2838541666666667 0.6770833333333334 0.2942708333333333 0.6770833333333334 0.3125 0.6692708333333334 0.3229166666666667 0.6640625 0.3229166666666667 0.6640625 0.2864583333333333