0 0.7630208333333334 0.6197916666666666 0.08854166666666667 0.13151041666666666
4 0.6380208333333334 0.36328125 0.0234375 0.046875
4 0.60546875 0.3684895833333333 0.0234375 0.046875
4 0.6106770833333334 0.4622395833333333 0.02734375 0.044270833333333336
4 0.6419270833333334 0.4583333333333333 0.026041666666666668 0.046875
4 0.6393229166666666 0.4114583333333333 0.026041666666666668 0.045572916666666664
3 0.5950520833333334 0.5598958333333334 0.01953125 0.033854166666666664
3 0.6341145833333334 0.5533854166666666 0.016927083333333332 0.03125
4 0.6067708333333334 0.4140625 0.028645833333333332 0.040364583333333336
3 0.5963541666666666 0.6171875 0.020833333333333332 0.032552083333333336
3 0.6393229166666666 0.6744791666666666 0.020833333333333332 0.03125
2 0.4713541666666667 0.4049479166666667 0.0546875 0.14192708333333334
3 0.63671875 0.6158854166666666 0.013020833333333334 0.02734375
3 0.5963541666666666 0.67578125 0.018229166666666668 0.033854166666666664