2 0.58984375 0.66015625 0.08203125 0.09895833333333333
4 0.6015625 0.3528645833333333 0.0234375 0.044270833333333336
4 0.5963541666666666 0.2981770833333333 0.0234375 0.044270833333333336
4 0.5703125 0.2981770833333333 0.0234375 0.04296875
4 0.5455729166666666 0.3567708333333333 0.022135416666666668 0.049479166666666664
0 0.7486979166666666 0.4544270833333333 0.08072916666666667 0.13671875
4 0.5729166666666666 0.3567708333333333 0.0234375 0.046875
4 0.5442708333333334 0.3046875 0.0234375 0.044270833333333336
3 0.5533854166666666 0.4661458333333333 0.01953125 0.028645833333333332
3 0.6197916666666666 0.4661458333333333 0.016927083333333332 0.029947916666666668
3 0.5533854166666666 0.5377604166666666 0.018229166666666668 0.028645833333333332
3 0.5885416666666666 0.46875 0.014322916666666666 0.02734375
3 0.5885416666666666 0.5390625 0.013020833333333334 0.0234375
3 0.6223958333333334 0.5338541666666666 0.015625 0.02734375