0 0.7552083333333334 0.6432291666666666 0.08203125 0.14322916666666666
4 0.5104166666666666 0.6263020833333334 0.026041666666666668 0.05078125
4 0.4856770833333333 0.62109375 0.026041666666666668 0.05078125
4 0.4856770833333333 0.6822916666666666 0.026041666666666668 0.05078125
4 0.5143229166666666 0.6809895833333334 0.026041666666666668 0.05078125
2 0.5924479166666666 0.66796875 0.07682291666666667 0.09765625
4 0.4596354166666667 0.6236979166666666 0.0234375 0.049479166666666664
4 0.4557291666666667 0.67578125 0.026041666666666668 0.05078125
3 0.6067708333333334 0.36328125 0.015625 0.033854166666666664
3 0.57421875 0.4322916666666667 0.018229166666666668 0.028645833333333332
3 0.5390625 0.4322916666666667 0.016927083333333332 0.033854166666666664
3 0.5716145833333334 0.36328125 0.016927083333333332 0.029947916666666668
3 0.609375 0.43359375 0.015625 0.033854166666666664
3 0.5390625 0.3645833333333333 0.018229166666666668 0.032552083333333336