0 0.765625 0.6223958333333334 0.07942708333333333 0.13671875
4 0.65234375 0.2825520833333333 0.026041666666666668 0.05078125
4 0.6236979166666666 0.3411458333333333 0.02734375 0.045572916666666664
3 0.6302083333333334 0.5520833333333334 0.018229166666666668 0.03125
4 0.6263020833333334 0.3828125 0.026041666666666668 0.046875
3 0.5638020833333334 0.5533854166666666 0.018229166666666668 0.03125
4 0.62109375 0.29296875 0.024739583333333332 0.049479166666666664
3 0.59765625 0.6223958333333334 0.015625 0.026041666666666668
3 0.5638020833333334 0.6236979166666666 0.020833333333333332 0.029947916666666668
4 0.66015625 0.3802083333333333 0.02734375 0.048177083333333336
3 0.6302083333333334 0.625 0.016927083333333332 0.022135416666666668
4 0.6588541666666666 0.3255208333333333 0.028645833333333332 0.04296875
3 0.5989583333333334 0.5546875 0.014322916666666666 0.029947916666666668
2 0.4895833333333333 0.40625 0.07682291666666667 0.14973958333333334