2 0.5638020833333334 0.7291666666666666 0.059895833333333336 0.15755208333333334
3 0.4661458333333333 0.4661458333333333 0.016927083333333332 0.028645833333333332
3 0.40234375 0.4596354166666667 0.014322916666666666 0.02734375
3 0.4635416666666667 0.5364583333333334 0.015625 0.024739583333333332
3 0.4375 0.4622395833333333 0.014322916666666666 0.02734375
3 0.4322916666666667 0.5325520833333334 0.014322916666666666 0.024739583333333332
3 0.3984375 0.52734375 0.014322916666666666 0.024739583333333332
4 0.4856770833333333 0.6067708333333334 0.022135416666666668 0.046875
4 0.5963541666666666 0.5598958333333334 0.0234375 0.046875
0 0.6549479166666666 0.3294270833333333 0.08072916666666667 0.13932291666666666
1 0.47265625 0.7591145833333334 0.0234375 0.04296875
1 0.4466145833333333 0.71875 0.0234375 0.041666666666666664
1 0.4283854166666667 0.7552083333333334 0.024739583333333332 0.04296875
1 0.4127604166666667 0.796875 0.020833333333333332 0.037760416666666664
1 0.4544270833333333 0.7903645833333334 0.026041666666666668 0.040364583333333336
1 0.4361979166666667 0.828125 0.0234375 0.041666666666666664
4 0.6328125 0.6744791666666666 0.6328125 0.6692708333333334 0.6302083333333334 0.6666666666666666 0.6302083333333334 0.6458333333333334 0.6354166666666666 0.6380208333333334 0.6432291666666666 0.6380208333333334 0.6484375 0.6432291666666666 0.6484375 0.6484375 0.6510416666666666 0.6510416666666666 0.6510416666666666 0.6666666666666666 0.6484375 0.671875 0.6432291666666666 0.6770833333333334 0.6380208333333334 0.6770833333333334 0.6354166666666666 0.6744791666666666
4 0.6666666666666666 0.5234375 0.6640625 0.5182291666666666 0.6640625 0.4973958333333333 0.671875 0.4869791666666667 0.6796875 0.4869791666666667 0.6848958333333334 0.4947916666666667 0.6848958333333334 0.5182291666666666 0.6796875 0.5260416666666666 0.671875 0.5260416666666666 0.6692708333333334 0.5234375
4 0.7447916666666666 0.3125 0.75 0.3177083333333333 0.75 0.328125 0.7369791666666666 0.3489583333333333 0.734375 0.3489583333333333 0.7291666666666666 0.3411458333333333 0.7291666666666666 0.3255208333333333 0.7317708333333334 0.3203125 0.7395833333333334 0.3125 0.7421875 0.3125
4 0.7421875 0.4322916666666667 0.7447916666666666 0.4322916666666667 0.7526041666666666 0.4244791666666667 0.7604166666666666 0.421875 0.7604166666666666 0.4348958333333333 0.7552083333333334 0.4427083333333333 0.7447916666666666 0.4453125 0.7421875 0.4348958333333333