2 0.4479166666666667 0.73828125 0.07552083333333333 0.10026041666666667
4 0.58984375 0.5546875 0.0234375 0.046875
4 0.6380208333333334 0.6432291666666666 0.022135416666666668 0.04296875
4 0.4453125 0.5716145833333334 0.022135416666666668 0.044270833333333336
0 0.5598958333333334 0.3997395833333333 0.08333333333333333 0.13541666666666666
4 0.5442708333333334 0.5572916666666666 0.022135416666666668 0.046875
4 0.4817708333333333 0.6028645833333334 0.022135416666666668 0.044270833333333336
4 0.7838541666666666 0.4921875 0.024739583333333332 0.04296875
1 0.734375 0.7239583333333334 0.0234375 0.040364583333333336
1 0.7057291666666666 0.7825520833333334 0.0234375 0.04296875
1 0.7434895833333334 0.8216145833333334 0.0234375 0.04296875
1 0.7369791666666666 0.7721354166666666 0.024739583333333332 0.041666666666666664
1 0.703125 0.7291666666666666 0.022135416666666668 0.04296875
3 0.6106770833333334 0.7369791666666666 0.014322916666666666 0.026041666666666668
1 0.7109375 0.828125 0.0234375 0.037760416666666664
3 0.5872395833333334 0.7903645833333334 0.014322916666666666 0.026041666666666668
3 0.5794270833333334 0.6940104166666666 0.014322916666666666 0.028645833333333332
3 0.5390625 0.79296875 0.014322916666666666 0.02734375
3 0.5703125 0.8372395833333334 0.014322916666666666 0.026041666666666668
3 0.5572916666666666 0.7395833333333334 0.015625 0.02734375