2 0.4739583333333333 0.5546875 0.07161458333333333 0.09505208333333333
4 0.5690104166666666 0.4036458333333333 0.026041666666666668 0.048177083333333336
4 0.5703125 0.3502604166666667 0.024739583333333332 0.046875
4 0.62109375 0.3997395833333333 0.02734375 0.053385416666666664
4 0.5950520833333334 0.3463541666666667 0.0234375 0.048177083333333336
4 0.62109375 0.3515625 0.024739583333333332 0.049479166666666664
4 0.5963541666666666 0.4049479166666667 0.026041666666666668 0.05078125
0 0.7421875 0.4557291666666667 0.08072916666666667 0.13151041666666666
3 0.5651041666666666 0.6171875 0.01953125 0.029947916666666668
3 0.5651041666666666 0.5481770833333334 0.018229166666666668 0.03125
3 0.6276041666666666 0.546875 0.01953125 0.03125
3 0.5989583333333334 0.6158854166666666 0.016927083333333332 0.02734375
3 0.5950520833333334 0.5481770833333334 0.016927083333333332 0.03125
3 0.62890625 0.6158854166666666 0.01953125 0.029947916666666668