4 0.5755208333333334 0.3567708333333333 0.02734375 0.049479166666666664
4 0.62890625 0.3528645833333333 0.026041666666666668 0.049479166666666664
4 0.57421875 0.3033854166666667 0.026041666666666668 0.046875
4 0.6015625 0.3567708333333333 0.026041666666666668 0.045572916666666664
0 0.734375 0.45703125 0.07942708333333333 0.12239583333333333
4 0.5989583333333334 0.30078125 0.024739583333333332 0.044270833333333336
4 0.6263020833333334 0.2994791666666667 0.0234375 0.048177083333333336
2 0.47265625 0.5533854166666666 0.07552083333333333 0.09114583333333333
3 0.55078125 0.5 0.016927083333333332 0.026041666666666668
3 0.5651041666666666 0.5651041666666666 0.018229166666666668 0.029947916666666668
3 0.6171875 0.4635416666666667 0.016927083333333332 0.03125
3 0.59765625 0.5494791666666666 0.016927083333333332 0.029947916666666668
3 0.5846354166666666 0.4817708333333333 0.016927083333333332 0.03515625
3 0.625 0.53125 0.020833333333333332 0.041666666666666664