2 0.4361979166666667 0.7096354166666666 0.08203125 0.1171875
4 0.5885416666666666 0.5455729166666666 0.0234375 0.044270833333333336
4 0.6354166666666666 0.63671875 0.022135416666666668 0.04296875
0 0.56640625 0.38671875 0.08203125 0.13802083333333334
4 0.48046875 0.5846354166666666 0.020833333333333332 0.044270833333333336
4 0.5442708333333334 0.54296875 0.022135416666666668 0.04296875
4 0.78515625 0.4921875 0.024739583333333332 0.04296875
4 0.44921875 0.55078125 0.015625 0.044270833333333336
1 0.73828125 0.81640625 0.026041666666666668 0.04296875
1 0.7291666666666666 0.72265625 0.0234375 0.040364583333333336
1 0.7330729166666666 0.7708333333333334 0.0234375 0.041666666666666664
1 0.69921875 0.7734375 0.0234375 0.041666666666666664
1 0.6979166666666666 0.7252604166666666 0.022135416666666668 0.041666666666666664
1 0.7005208333333334 0.8190104166666666 0.0234375 0.041666666666666664
3 0.60546875 0.7265625 0.015625 0.026041666666666668
3 0.58203125 0.77734375 0.014322916666666666 0.024739583333333332
3 0.5338541666666666 0.78125 0.014322916666666666 0.0234375
3 0.5768229166666666 0.6848958333333334 0.014322916666666666 0.028645833333333332
3 0.5638020833333334 0.8268229166666666 0.013020833333333334 0.022135416666666668
3 0.5533854166666666 0.7252604166666666 0.014322916666666666 0.028645833333333332