4 0.5911458333333334 0.55859375 0.0234375 0.046875
4 0.4830729166666667 0.609375 0.0234375 0.045572916666666664
4 0.74609375 0.4205729166666667 0.0234375 0.0390625
4 0.7356770833333334 0.328125 0.0234375 0.041666666666666664
4 0.6861979166666666 0.4921875 0.0234375 0.04296875
2 0.5625 0.7317708333333334 0.057291666666666664 0.15625
4 0.6380208333333334 0.65625 0.0234375 0.044270833333333336
0 0.6080729166666666 0.36328125 0.08072916666666667 0.13671875
3 0.4622395833333333 0.47265625 0.016927083333333332 0.02734375
3 0.4283854166666667 0.5377604166666666 0.014322916666666666 0.0234375
3 0.43359375 0.46875 0.014322916666666666 0.026041666666666668
1 0.4479166666666667 0.7213541666666666 0.020833333333333332 0.041666666666666664
3 0.3997395833333333 0.4635416666666667 0.014322916666666666 0.026041666666666668
1 0.4296875 0.765625 0.022135416666666668 0.04296875
3 0.3958333333333333 0.53515625 0.014322916666666666 0.024739583333333332
1 0.4739583333333333 0.7604166666666666 0.01953125 0.040364583333333336
3 0.4596354166666667 0.54296875 0.015625 0.0234375
1 0.4388020833333333 0.8359375 0.01953125 0.0390625
1 0.4114583333333333 0.8020833333333334 0.020833333333333332 0.040364583333333336
1 0.4544270833333333 0.7942708333333334 0.01953125 0.040364583333333336