0 0.7473958333333334 0.64453125 0.09895833333333333 0.13411458333333334
4 0.5104166666666666 0.6263020833333334 0.026041666666666668 0.05078125
4 0.4856770833333333 0.62109375 0.026041666666666668 0.05078125
4 0.5143229166666666 0.6809895833333334 0.02734375 0.05078125
4 0.4856770833333333 0.6809895833333334 0.026041666666666668 0.05078125
4 0.4596354166666667 0.6236979166666666 0.0234375 0.049479166666666664
2 0.5924479166666666 0.6666666666666666 0.07682291666666667 0.09635416666666667
4 0.4557291666666667 0.67578125 0.026041666666666668 0.05078125
3 0.5716145833333334 0.3567708333333333 0.015625 0.03125
3 0.640625 0.3528645833333333 0.016927083333333332 0.032552083333333336
3 0.57421875 0.42578125 0.016927083333333332 0.032552083333333336
3 0.6106770833333334 0.4244791666666667 0.016927083333333332 0.03125
3 0.60546875 0.359375 0.022135416666666668 0.029947916666666668
3 0.6419270833333334 0.4205729166666667 0.014322916666666666 0.03515625