2 0.4557291666666667 0.70703125 0.07291666666666667 0.09765625
4 0.4466145833333333 0.5520833333333334 0.020833333333333332 0.045572916666666664
4 0.58984375 0.5455729166666666 0.0234375 0.045572916666666664
4 0.5442708333333334 0.54296875 0.022135416666666668 0.044270833333333336
4 0.48046875 0.5846354166666666 0.020833333333333332 0.044270833333333336
0 0.5651041666666666 0.3854166666666667 0.08203125 0.13541666666666666
4 0.6354166666666666 0.23958333333333334 0.022135416666666668 0.045572916666666664
3 0.58203125 0.77734375 0.014322916666666666 0.024739583333333332
3 0.60546875 0.7265625 0.015625 0.026041666666666668
3 0.5338541666666666 0.7799479166666666 0.014322916666666666 0.0234375
3 0.5768229166666666 0.6848958333333334 0.014322916666666666 0.028645833333333332
3 0.5638020833333334 0.82421875 0.013020833333333334 0.022135416666666668
3 0.5546875 0.73046875 0.014322916666666666 0.028645833333333332
4 0.6419270833333334 0.640625 0.014322916666666666 0.036458333333333336