0 0.7604166666666666 0.62109375 0.09244791666666667 0.13541666666666666
4 0.6380208333333334 0.5390625 0.02734375 0.052083333333333336
4 0.6119791666666666 0.5520833333333334 0.026041666666666668 0.05078125
4 0.65234375 0.5885416666666666 0.026041666666666668 0.052083333333333336
4 0.5859375 0.56640625 0.02734375 0.049479166666666664
3 0.5364583333333334 0.53515625 0.016927083333333332 0.033854166666666664
4 0.6223958333333334 0.6145833333333334 0.02734375 0.052083333333333336
3 0.5455729166666666 0.6015625 0.018229166666666668 0.032552083333333336
4 0.5924479166666666 0.6236979166666666 0.028645833333333332 0.053385416666666664
2 0.4713541666666667 0.4036458333333333 0.052083333333333336 0.13932291666666666
3 0.47265625 0.5846354166666666 0.016927083333333332 0.0234375
3 0.5052083333333334 0.5611979166666666 0.014322916666666666 0.024739583333333332
3 0.4856770833333333 0.6458333333333334 0.016927083333333332 0.03125
3 0.5182291666666666 0.6236979166666666 0.01171875 0.0234375