3 0.51171875 0.6171875 0.0234375 0.052083333333333336
3 0.4856770833333333 0.61328125 0.0234375 0.05078125
3 0.5143229166666666 0.6744791666666666 0.026041666666666668 0.05078125
1 0.5950520833333334 0.66015625 0.07421875 0.09375
3 0.4869791666666667 0.6744791666666666 0.0234375 0.052083333333333336
0 0.7369791666666666 0.45703125 0.08203125 0.12630208333333334
3 0.4583333333333333 0.6158854166666666 0.022135416666666668 0.05078125
3 0.4544270833333333 0.6692708333333334 0.024739583333333332 0.048177083333333336
2 0.62109375 0.46875 0.015625 0.029947916666666668
2 0.5872395833333334 0.5377604166666666 0.01953125 0.040364583333333336
2 0.625 0.5338541666666666 0.022135416666666668 0.0390625
2 0.5885416666666666 0.46484375 0.02734375 0.041666666666666664