2 0.45703125 0.70703125 0.07421875 0.09765625
4 0.58984375 0.5455729166666666 0.022135416666666668 0.045572916666666664
4 0.4466145833333333 0.5520833333333334 0.020833333333333332 0.045572916666666664
4 0.63671875 0.63671875 0.022135416666666668 0.04296875
4 0.48046875 0.5859375 0.020833333333333332 0.044270833333333336
4 0.54296875 0.54296875 0.022135416666666668 0.044270833333333336
4 0.6354166666666666 0.23828125 0.0234375 0.045572916666666664
0 0.5651041666666666 0.3854166666666667 0.08203125 0.13541666666666666
1 0.734375 0.78125 0.024739583333333332 0.044270833333333336
1 0.7356770833333334 0.7291666666666666 0.022135416666666668 0.040364583333333336
1 0.7005208333333334 0.8268229166666666 0.020833333333333332 0.037760416666666664
1 0.7369791666666666 0.8294270833333334 0.0234375 0.037760416666666664
1 0.703125 0.7786458333333334 0.0234375 0.04296875
1 0.7018229166666666 0.7265625 0.022135416666666668 0.04296875
3 0.60546875 0.7265625 0.015625 0.026041666666666668
3 0.58203125 0.7786458333333334 0.015625 0.024739583333333332
3 0.5768229166666666 0.6848958333333334 0.015625 0.029947916666666668
3 0.5338541666666666 0.7799479166666666 0.014322916666666666 0.024739583333333332
3 0.5625 0.8255208333333334 0.013020833333333334 0.022135416666666668
3 0.5533854166666666 0.7278645833333334 0.015625 0.03125