4 0.5677083333333334 0.39453125 0.024739583333333332 0.048177083333333336
4 0.5690104166666666 0.3450520833333333 0.0234375 0.048177083333333336
4 0.5963541666666666 0.3958333333333333 0.02734375 0.05078125
4 0.6223958333333334 0.3919270833333333 0.02734375 0.053385416666666664
2 0.4739583333333333 0.5533854166666666 0.07161458333333333 0.09765625
4 0.5950520833333334 0.33984375 0.0234375 0.044270833333333336
0 0.7356770833333334 0.45703125 0.07682291666666667 0.125
3 0.59375 0.546875 0.018229166666666668 0.03125
3 0.5638020833333334 0.5481770833333334 0.01953125 0.03125
3 0.5651041666666666 0.6184895833333334 0.01953125 0.028645833333333332
3 0.6276041666666666 0.546875 0.01953125 0.03125
3 0.59765625 0.6158854166666666 0.018229166666666668 0.028645833333333332
3 0.6328125 0.6184895833333334 0.020833333333333332 0.02734375