0 0.7421875 0.5611979166666666 0.09114583333333333 0.12760416666666666
4 0.5104166666666666 0.6223958333333334 0.024739583333333332 0.052083333333333336
4 0.4856770833333333 0.6171875 0.024739583333333332 0.053385416666666664
4 0.515625 0.6770833333333334 0.026041666666666668 0.052083333333333336
4 0.4895833333333333 0.6770833333333334 0.026041666666666668 0.05078125
4 0.4596354166666667 0.62109375 0.0234375 0.05078125
2 0.59375 0.6588541666666666 0.07682291666666667 0.09635416666666667
3 0.53515625 0.3580729166666667 0.015625 0.03125
4 0.4557291666666667 0.6744791666666666 0.026041666666666668 0.048177083333333336
3 0.6015625 0.3567708333333333 0.016927083333333332 0.03515625
3 0.53515625 0.4270833333333333 0.018229166666666668 0.03125
3 0.6067708333333334 0.4244791666666667 0.014322916666666666 0.032552083333333336
3 0.5703125 0.4244791666666667 0.018229166666666668 0.029947916666666668
3 0.56640625 0.359375 0.015625 0.02734375