2 0.7278645833333334 0.33203125 0.061197916666666664 0.14322916666666666
4 0.5911458333333334 0.5559895833333334 0.0234375 0.046875
4 0.4453125 0.5716145833333334 0.0234375 0.045572916666666664
4 0.4830729166666667 0.6015625 0.0234375 0.045572916666666664
4 0.6471354166666666 0.5338541666666666 0.022135416666666668 0.044270833333333336
4 0.6393229166666666 0.65625 0.0234375 0.041666666666666664
4 0.5442708333333334 0.5572916666666666 0.022135416666666668 0.045572916666666664
0 0.5533854166666666 0.40234375 0.078125 0.13802083333333334
1 0.6119791666666666 0.734375 0.022135416666666668 0.041666666666666664
1 0.61328125 0.6927083333333334 0.020833333333333332 0.040364583333333336
3 0.5052083333333334 0.6471354166666666 0.014322916666666666 0.026041666666666668
1 0.6106770833333334 0.7890625 0.022135416666666668 0.036458333333333336
3 0.4544270833333333 0.7109375 0.014322916666666666 0.024739583333333332
3 0.4752604166666667 0.7799479166666666 0.014322916666666666 0.0234375
1 0.578125 0.7356770833333334 0.0234375 0.044270833333333336
1 0.58203125 0.6901041666666666 0.024739583333333332 0.037760416666666664
1 0.578125 0.7838541666666666 0.01953125 0.036458333333333336
3 0.484375 0.67578125 0.013020833333333334 0.026041666666666668
3 0.5338541666666666 0.7057291666666666 0.015625 0.02734375
3 0.5013020833333334 0.7369791666666666 0.014322916666666666 0.022135416666666668