0 0.6119791666666666 0.77734375 0.07682291666666667 0.13020833333333334
2 0.8125 0.4518229166666667 0.07552083333333333 0.08984375
4 0.4713541666666667 0.3723958333333333 0.020833333333333332 0.044270833333333336
4 0.6002604166666666 0.4856770833333333 0.022135416666666668 0.04296875
4 0.7057291666666666 0.52734375 0.0234375 0.04296875
4 0.6575520833333334 0.4778645833333333 0.024739583333333332 0.044270833333333336
4 0.6940104166666666 0.44140625 0.024739583333333332 0.044270833333333336
4 0.6510416666666666 0.3567708333333333 0.022135416666666668 0.040364583333333336
3 0.5078125 0.5403645833333334 0.014322916666666666 0.024739583333333332
3 0.5052083333333334 0.4713541666666667 0.015625 0.024739583333333332
3 0.4440104166666667 0.4700520833333333 0.015625 0.024739583333333332
3 0.4765625 0.4700520833333333 0.014322916666666666 0.0234375
3 0.4752604166666667 0.5416666666666666 0.014322916666666666 0.020833333333333332
3 0.4427083333333333 0.5416666666666666 0.014322916666666666 0.022135416666666668
1 0.5533854166666666 0.37109375 0.022135416666666668 0.0390625
1 0.55859375 0.2513020833333333 0.020833333333333332 0.041666666666666664
1 0.5260416666666666 0.2942708333333333 0.01953125 0.03515625
1 0.58203125 0.3385416666666667 0.0234375 0.036458333333333336
1 0.5403645833333334 0.3294270833333333 0.024739583333333332 0.037760416666666664
1 0.5651041666666666 0.3033854166666667 0.022135416666666668 0.037760416666666664