2 0.7786458333333334 0.3854166666666667 0.07942708333333333 0.09244791666666667
0 0.6119791666666666 0.7786458333333334 0.07682291666666667 0.13020833333333334
4 0.4713541666666667 0.3723958333333333 0.020833333333333332 0.04296875
4 0.6002604166666666 0.4869791666666667 0.022135416666666668 0.044270833333333336
4 0.65625 0.4778645833333333 0.024739583333333332 0.04296875
4 0.7057291666666666 0.52734375 0.0234375 0.041666666666666664
4 0.6953125 0.4427083333333333 0.024739583333333332 0.04296875
4 0.6497395833333334 0.3541666666666667 0.0234375 0.04296875
3 0.5078125 0.5403645833333334 0.014322916666666666 0.0234375
3 0.5052083333333334 0.4713541666666667 0.015625 0.024739583333333332
3 0.4440104166666667 0.4700520833333333 0.015625 0.024739583333333332
3 0.4765625 0.4713541666666667 0.014322916666666666 0.0234375
3 0.4752604166666667 0.5416666666666666 0.014322916666666666 0.020833333333333332
3 0.4427083333333333 0.5416666666666666 0.014322916666666666 0.022135416666666668
1 0.5546875 0.37109375 0.020833333333333332 0.0390625
1 0.5885416666666666 0.3346354166666667 0.022135416666666668 0.0390625
1 0.52734375 0.296875 0.020833333333333332 0.03515625
1 0.5546875 0.2578125 0.0234375 0.040364583333333336
1 0.5390625 0.3307291666666667 0.0234375 0.032552083333333336
1 0.56640625 0.30078125 0.020833333333333332 0.036458333333333336