2 0.4752604166666667 0.5546875 0.07161458333333333 0.09505208333333333
4 0.6236979166666666 0.3580729166666667 0.024739583333333332 0.05078125
4 0.5690104166666666 0.3671875 0.024739583333333332 0.049479166666666664
4 0.5677083333333334 0.3125 0.024739583333333332 0.046875
4 0.6197916666666666 0.3059895833333333 0.0234375 0.046875
4 0.5963541666666666 0.3645833333333333 0.024739583333333332 0.049479166666666664
4 0.5924479166666666 0.3072916666666667 0.0234375 0.044270833333333336
0 0.7356770833333334 0.45703125 0.08072916666666667 0.12630208333333334
3 0.62890625 0.5455729166666666 0.016927083333333332 0.028645833333333332
3 0.56640625 0.6184895833333334 0.014322916666666666 0.026041666666666668
3 0.5989583333333334 0.6171875 0.014322916666666666 0.024739583333333332
3 0.5651041666666666 0.5481770833333334 0.01171875 0.0234375
3 0.6302083333333334 0.6158854166666666 0.015625 0.02734375
3 0.5963541666666666 0.546875 0.015625 0.02734375