0 0.7591145833333334 0.6197916666666666 0.09375 0.1328125
4 0.6236979166666666 0.4270833333333333 0.02734375 0.052083333333333336
4 0.6471354166666666 0.3255208333333333 0.02734375 0.049479166666666664
4 0.6158854166666666 0.3841145833333333 0.028645833333333332 0.045572916666666664
4 0.6549479166666666 0.4231770833333333 0.024739583333333332 0.048177083333333336
4 0.6106770833333334 0.3359375 0.02734375 0.049479166666666664
3 0.6302083333333334 0.5520833333333334 0.018229166666666668 0.029947916666666668
4 0.6497395833333334 0.3723958333333333 0.032552083333333336 0.052083333333333336
3 0.5651041666666666 0.5546875 0.016927083333333332 0.03125
3 0.5651041666666666 0.6236979166666666 0.01953125 0.029947916666666668
3 0.62890625 0.6197916666666666 0.013020833333333334 0.020833333333333332
3 0.59765625 0.6236979166666666 0.016927083333333332 0.026041666666666668
2 0.4557291666666667 0.5625 0.055989583333333336 0.14453125
3 0.5989583333333334 0.5572916666666666 0.014322916666666666 0.037760416666666664