2 0.4700520833333333 0.40625 0.055989583333333336 0.13932291666666666
0 0.7604166666666666 0.6197916666666666 0.08723958333333333 0.13020833333333334
4 0.63671875 0.3645833333333333 0.024739583333333332 0.048177083333333336
4 0.6080729166666666 0.4622395833333333 0.02734375 0.048177083333333336
4 0.6028645833333334 0.3671875 0.024739583333333332 0.046875
4 0.6419270833333334 0.4583333333333333 0.026041666666666668 0.046875
4 0.6041666666666666 0.4153645833333333 0.02734375 0.04296875
3 0.5651041666666666 0.5520833333333334 0.018229166666666668 0.03125
4 0.6380208333333334 0.41015625 0.028645833333333332 0.044270833333333336
3 0.5651041666666666 0.6236979166666666 0.020833333333333332 0.029947916666666668
3 0.62890625 0.55078125 0.01953125 0.03125
3 0.59765625 0.6223958333333334 0.016927083333333332 0.02734375
3 0.59765625 0.5520833333333334 0.016927083333333332 0.029947916666666668
3 0.6315104166666666 0.62109375 0.018229166666666668 0.03125