2 0.5651041666666666 0.7330729166666666 0.06770833333333333 0.15364583333333334
4 0.5950520833333334 0.5598958333333334 0.0234375 0.046875
3 0.5143229166666666 0.2942708333333333 0.013020833333333334 0.026041666666666668
4 0.4856770833333333 0.60546875 0.022135416666666668 0.048177083333333336
3 0.4947916666666667 0.3515625 0.013020833333333334 0.024739583333333332
4 0.6770833333333334 0.5091145833333334 0.024739583333333332 0.044270833333333336
4 0.7447916666666666 0.3125 0.7526041666666666 0.3255208333333333 0.7526041666666666 0.3385416666666667 0.7473958333333334 0.3489583333333333 0.7395833333333334 0.3541666666666667 0.734375 0.3515625 0.7317708333333334 0.3463541666666667 0.7317708333333334 0.3411458333333333 0.7291666666666666 0.3385416666666667 0.7291666666666666 0.328125 0.7317708333333334 0.3255208333333333 0.7317708333333334 0.3203125 0.7395833333333334 0.3125 0.7421875 0.3125
4 0.7526041666666666 0.40625 0.7604166666666666 0.4192708333333333 0.7604166666666666 0.4322916666666667 0.7578125 0.4348958333333333 0.7552083333333334 0.4453125 0.75 0.4479166666666667 0.7473958333333334 0.4479166666666667 0.7395833333333334 0.4401041666666667 0.7395833333333334 0.4348958333333333 0.7369791666666666 0.4322916666666667 0.7369791666666666 0.4192708333333333 0.7421875 0.4088541666666667 0.75 0.40625
4 0.6432291666666666 0.6380208333333334 0.6484375 0.6432291666666666 0.6484375 0.6484375 0.6510416666666666 0.6510416666666666 0.6510416666666666 0.6640625 0.6484375 0.6666666666666666 0.6484375 0.671875 0.6432291666666666 0.6770833333333334 0.6354166666666666 0.6770833333333334 0.6302083333333334 0.6692708333333334 0.6302083333333334 0.6458333333333334 0.6328125 0.640625 0.640625 0.6380208333333334
0 0.6536458333333334 0.3203125 0.07682291666666667 0.13411458333333334
1 0.4231770833333333 0.6796875 0.020833333333333332 0.036458333333333336
1 0.40625 0.7161458333333334 0.0234375 0.037760416666666664
1 0.390625 0.7591145833333334 0.022135416666666668 0.041666666666666664
1 0.4479166666666667 0.7096354166666666 0.024739583333333332 0.041666666666666664
1 0.43359375 0.7526041666666666 0.024739583333333332 0.045572916666666664
1 0.4140625 0.7903645833333334 0.0234375 0.05078125