2 0.5911458333333334 0.6614583333333334 0.08072916666666667 0.09895833333333333
4 0.6315104166666666 0.3541666666666667 0.026041666666666668 0.049479166666666664
4 0.5729166666666666 0.3033854166666667 0.026041666666666668 0.046875
4 0.5755208333333334 0.3580729166666667 0.026041666666666668 0.045572916666666664
4 0.6028645833333334 0.3567708333333333 0.024739583333333332 0.045572916666666664
4 0.6028645833333334 0.2994791666666667 0.0234375 0.045572916666666664
4 0.6302083333333334 0.2994791666666667 0.022135416666666668 0.046875
0 0.7369791666666666 0.4583333333333333 0.07552083333333333 0.11848958333333333
3 0.5533854166666666 0.4674479166666667 0.018229166666666668 0.028645833333333332
3 0.5546875 0.5390625 0.013020833333333334 0.028645833333333332
3 0.5885416666666666 0.4674479166666667 0.013020833333333334 0.026041666666666668
3 0.58984375 0.5377604166666666 0.015625 0.024739583333333332
3 0.6236979166666666 0.46875 0.015625 0.024739583333333332
3 0.6236979166666666 0.53515625 0.015625 0.026041666666666668