2 0.4596354166666667 0.46484375 0.07161458333333333 0.15885416666666666
4 0.5963541666666666 0.5611979166666666 0.022135416666666668 0.045572916666666664
4 0.4869791666666667 0.60546875 0.022135416666666668 0.048177083333333336
4 0.67578125 0.5091145833333334 0.024739583333333332 0.041666666666666664
4 0.6848958333333334 0.60546875 0.024739583333333332 0.0390625
4 0.6419270833333334 0.6575520833333334 0.0234375 0.037760416666666664
1 0.4192708333333333 0.7903645833333334 0.022135416666666668 0.0390625
1 0.3932291666666667 0.7578125 0.020833333333333332 0.040364583333333336
1 0.42578125 0.6783854166666666 0.020833333333333332 0.041666666666666664
1 0.4361979166666667 0.7526041666666666 0.022135416666666668 0.041666666666666664
3 0.5221354166666666 0.625 0.014322916666666666 0.024739583333333332
1 0.41015625 0.71875 0.0234375 0.04296875
3 0.5807291666666666 0.6666666666666666 0.015625 0.02734375
3 0.5078125 0.6901041666666666 0.014322916666666666 0.0234375
1 0.4518229166666667 0.7083333333333334 0.022135416666666668 0.040364583333333336
3 0.57421875 0.73046875 0.015625 0.022135416666666668
3 0.5533854166666666 0.6471354166666666 0.014322916666666666 0.024739583333333332
3 0.5377604166666666 0.7122395833333334 0.014322916666666666 0.0234375