2 0.5598958333333334 0.7161458333333334 0.06380208333333333 0.14973958333333334
3 0.45703125 0.23046875 0.013020833333333334 0.02734375
3 0.4361979166666667 0.29296875 0.014322916666666666 0.026041666666666668
3 0.4947916666666667 0.3541666666666667 0.016927083333333332 0.026041666666666668
3 0.46484375 0.32421875 0.015625 0.024739583333333332
3 0.5130208333333334 0.2942708333333333 0.014322916666666666 0.026041666666666668
4 0.5950520833333334 0.5598958333333334 0.0234375 0.045572916666666664
4 0.4856770833333333 0.6041666666666666 0.022135416666666668 0.045572916666666664
1 0.4713541666666667 0.7565104166666666 0.01953125 0.03515625
1 0.4375 0.8346354166666666 0.022135416666666668 0.040364583333333336
1 0.4479166666666667 0.7200520833333334 0.022135416666666668 0.045572916666666664
1 0.4296875 0.75390625 0.01953125 0.041666666666666664
1 0.4127604166666667 0.7955729166666666 0.020833333333333332 0.041666666666666664
1 0.4557291666666667 0.7903645833333334 0.020833333333333332 0.04296875
4 0.67578125 0.5078125 0.024739583333333332 0.04296875
4 0.6328125 0.6770833333333334 0.6328125 0.671875 0.6302083333333334 0.6692708333333334 0.6302083333333334 0.6458333333333334 0.6354166666666666 0.6380208333333334 0.6432291666666666 0.6380208333333334 0.6510416666666666 0.6510416666666666 0.6510416666666666 0.6640625 0.6484375 0.6666666666666666 0.6458333333333334 0.6770833333333334 0.640625 0.6796875 0.6354166666666666 0.6770833333333334
4 0.7526041666666666 0.40625 0.7604166666666666 0.4192708333333333 0.7604166666666666 0.4322916666666667 0.7578125 0.4348958333333333 0.7578125 0.4401041666666667 0.7473958333333334 0.4479166666666667 0.7395833333333334 0.4401041666666667 0.7395833333333334 0.4348958333333333 0.7369791666666666 0.4322916666666667 0.7369791666666666 0.4192708333333333 0.7421875 0.4088541666666667 0.75 0.40625
4 0.7447916666666666 0.3125 0.7526041666666666 0.3255208333333333 0.7526041666666666 0.3385416666666667 0.7473958333333334 0.3489583333333333 0.7421875 0.3541666666666667 0.734375 0.3515625 0.7317708333333334 0.3411458333333333 0.7291666666666666 0.3385416666666667 0.7291666666666666 0.328125 0.734375 0.3177083333333333 0.7395833333333334 0.3125 0.7421875 0.3125
0 0.6536458333333334 0.3203125 0.08072916666666667 0.13671875
3 0.4856770833333333 0.26171875 0.016927083333333332 0.032552083333333336