4 0.5911458333333334 0.5559895833333334 0.0234375 0.048177083333333336
4 0.4817708333333333 0.6015625 0.022135416666666668 0.046875
0 0.6067708333333334 0.359375 0.08333333333333333 0.13932291666666666
2 0.5598958333333334 0.7291666666666666 0.0625 0.15755208333333334
4 0.63671875 0.6549479166666666 0.0234375 0.044270833333333336
4 0.6848958333333334 0.4921875 0.024739583333333332 0.044270833333333336
3 0.43359375 0.4622395833333333 0.013020833333333334 0.026041666666666668
3 0.4622395833333333 0.46484375 0.015625 0.02734375
3 0.3984375 0.4583333333333333 0.014322916666666666 0.028645833333333332
1 0.43359375 0.8294270833333334 0.01953125 0.0390625
3 0.39453125 0.5247395833333334 0.014322916666666666 0.026041666666666668
1 0.4453125 0.71484375 0.01953125 0.041666666666666664
3 0.4583333333333333 0.5338541666666666 0.015625 0.02734375
1 0.4518229166666667 0.7916666666666666 0.020833333333333332 0.041666666666666664
3 0.4283854166666667 0.5299479166666666 0.015625 0.024739583333333332
1 0.4700520833333333 0.7526041666666666 0.01953125 0.0390625
1 0.41015625 0.7916666666666666 0.020833333333333332 0.036458333333333336
1 0.42578125 0.75390625 0.024739583333333332 0.041666666666666664