2 0.44140625 0.65234375 0.078125 0.09765625
0 0.7122395833333334 0.6497395833333334 0.09635416666666667 0.140625
4 0.5104166666666666 0.4205729166666667 0.026041666666666668 0.045572916666666664
4 0.5390625 0.4140625 0.0234375 0.044270833333333336
4 0.5104166666666666 0.46484375 0.026041666666666668 0.041666666666666664
4 0.5390625 0.4622395833333333 0.026041666666666668 0.04296875
4 0.5104166666666666 0.5130208333333334 0.026041666666666668 0.04296875
4 0.5390625 0.5130208333333334 0.024739583333333332 0.046875
3 0.5924479166666666 0.3138020833333333 0.013020833333333334 0.03515625
3 0.6341145833333334 0.3125 0.01953125 0.028645833333333332
3 0.5924479166666666 0.3723958333333333 0.014322916666666666 0.02734375
3 0.6341145833333334 0.3723958333333333 0.016927083333333332 0.026041666666666668
3 0.5950520833333334 0.4375 0.020833333333333332 0.03125
3 0.6328125 0.4348958333333333 0.026041666666666668 0.03125