2 0.63671875 0.3138020833333333 0.07421875 0.09505208333333333
4 0.4869791666666667 0.60546875 0.020833333333333332 0.044270833333333336
4 0.68359375 0.60546875 0.022135416666666668 0.040364583333333336
4 0.5963541666666666 0.5598958333333334 0.022135416666666668 0.046875
4 0.6770833333333334 0.5091145833333334 0.024739583333333332 0.04296875
4 0.7434895833333334 0.3346354166666667 0.0234375 0.040364583333333336
0 0.8346354166666666 0.5859375 0.078125 0.12890625
4 0.6419270833333334 0.6575520833333334 0.022135416666666668 0.037760416666666664
1 0.4192708333333333 0.7903645833333334 0.022135416666666668 0.0390625
1 0.39453125 0.7578125 0.020833333333333332 0.040364583333333336
1 0.4244791666666667 0.6770833333333334 0.020833333333333332 0.040364583333333336
1 0.4348958333333333 0.75390625 0.022135416666666668 0.040364583333333336
3 0.5221354166666666 0.625 0.014322916666666666 0.024739583333333332
1 0.41015625 0.71875 0.022135416666666668 0.040364583333333336
3 0.5807291666666666 0.6666666666666666 0.015625 0.02734375
3 0.5065104166666666 0.6888020833333334 0.014322916666666666 0.0234375
1 0.453125 0.7083333333333334 0.0234375 0.0390625
3 0.57421875 0.7291666666666666 0.014322916666666666 0.0234375
3 0.5559895833333334 0.6484375 0.014322916666666666 0.0234375
3 0.5377604166666666 0.7122395833333334 0.013020833333333334 0.026041666666666668