2 0.7421875 0.69140625 0.08072916666666667 0.09635416666666667
0 0.6119791666666666 0.7734375 0.078125 0.13411458333333334
3 0.5091145833333334 0.5390625 0.015625 0.026041666666666668
3 0.4752604166666667 0.5403645833333334 0.014322916666666666 0.0234375
3 0.44140625 0.5403645833333334 0.014322916666666666 0.0234375
3 0.5052083333333334 0.4700520833333333 0.016927083333333332 0.026041666666666668
3 0.44140625 0.46875 0.015625 0.026041666666666668
3 0.4752604166666667 0.4700520833333333 0.014322916666666666 0.026041666666666668
4 0.65625 0.4765625 0.024739583333333332 0.044270833333333336
4 0.6940104166666666 0.4440104166666667 0.026041666666666668 0.045572916666666664
1 0.5716145833333334 0.3059895833333333 0.024739583333333332 0.04296875
1 0.5520833333333334 0.2604166666666667 0.022135416666666668 0.045572916666666664
1 0.5442708333333334 0.3372395833333333 0.020833333333333332 0.0390625
1 0.5520833333333334 0.3723958333333333 0.022135416666666668 0.04296875
1 0.5260416666666666 0.2916666666666667 0.022135416666666668 0.04296875
1 0.5807291666666666 0.3424479166666667 0.022135416666666668 0.0390625
4 0.7057291666666666 0.5052083333333334 0.7135416666666666 0.515625 0.7135416666666666 0.5338541666666666 0.7083333333333334 0.5442708333333334 0.703125 0.546875 0.7005208333333334 0.546875 0.6927083333333334 0.5364583333333334 0.6927083333333334 0.5130208333333334 0.6953125 0.5078125 0.703125 0.5052083333333334
4 0.6471354166666666 0.3619791666666667 0.024739583333333332 0.044270833333333336