2 0.7408854166666666 0.6901041666666666 0.08463541666666667 0.09895833333333333
4 0.7239583333333334 0.3671875 0.0234375 0.046875
4 0.7838541666666666 0.37109375 0.0234375 0.045572916666666664
4 0.7252604166666666 0.421875 0.0234375 0.045572916666666664
4 0.78515625 0.4244791666666667 0.0234375 0.045572916666666664
4 0.7526041666666666 0.421875 0.0234375 0.04296875
1 0.6184895833333334 0.3997395833333333 0.022135416666666668 0.04296875
0 0.61328125 0.78125 0.07942708333333333 0.14322916666666666
1 0.6731770833333334 0.3958333333333333 0.026041666666666668 0.041666666666666664
1 0.6458333333333334 0.3984375 0.024739583333333332 0.04296875
4 0.7552083333333334 0.3697916666666667 0.0234375 0.044270833333333336
3 0.4388020833333333 0.5403645833333334 0.014322916666666666 0.024739583333333332
3 0.4739583333333333 0.4674479166666667 0.013020833333333334 0.026041666666666668
3 0.4739583333333333 0.5403645833333334 0.014322916666666666 0.024739583333333332
3 0.5065104166666666 0.5390625 0.014322916666666666 0.024739583333333332
3 0.4388020833333333 0.46875 0.014322916666666666 0.024739583333333332
3 0.50390625 0.46875 0.0078125 0.022135416666666668
1 0.6197916666666666 0.3411458333333333 0.0234375 0.046875
1 0.6458333333333334 0.34375 0.024739583333333332 0.045572916666666664
1 0.6744791666666666 0.33984375 0.028645833333333332 0.04296875