2 0.4713541666666667 0.4049479166666667 0.053385416666666664 0.13802083333333334
0 0.7630208333333334 0.6197916666666666 0.0859375 0.13020833333333334
4 0.6028645833333334 0.3671875 0.024739583333333332 0.045572916666666664
4 0.609375 0.4622395833333333 0.02734375 0.045572916666666664
4 0.6419270833333334 0.4583333333333333 0.026041666666666668 0.045572916666666664
4 0.63671875 0.36328125 0.024739583333333332 0.046875
4 0.6041666666666666 0.4166666666666667 0.028645833333333332 0.041666666666666664
4 0.6380208333333334 0.41015625 0.028645833333333332 0.044270833333333336
3 0.62890625 0.55078125 0.018229166666666668 0.03125
3 0.5651041666666666 0.5533854166666666 0.016927083333333332 0.032552083333333336
3 0.5638020833333334 0.6223958333333334 0.018229166666666668 0.03125
3 0.5989583333333334 0.6223958333333334 0.015625 0.02734375
3 0.5989583333333334 0.5546875 0.016927083333333332 0.03125
3 0.6315104166666666 0.6236979166666666 0.016927083333333332 0.029947916666666668