0 0.71484375 0.6471354166666666 0.08723958333333333 0.13541666666666666
3 0.4934895833333333 0.3515625 0.026041666666666668 0.048177083333333336
1 0.5533854166666666 0.6276041666666666 0.08203125 0.09505208333333333
3 0.53125 0.4361979166666667 0.022135416666666668 0.048177083333333336
3 0.4947916666666667 0.4401041666666667 0.026041666666666668 0.05078125
2 0.6783854166666666 0.4088541666666667 0.016927083333333332 0.03125
2 0.7096354166666666 0.3372395833333333 0.01953125 0.028645833333333332
2 0.7109375 0.4010416666666667 0.018229166666666668 0.03515625
3 0.5247395833333334 0.3880208333333333 0.026041666666666668 0.046875
2 0.6458333333333334 0.4127604166666667 0.01953125 0.03125
3 0.5247395833333334 0.3463541666666667 0.024739583333333332 0.046875
2 0.6432291666666666 0.3411458333333333 0.016927083333333332 0.028645833333333332
3 0.49609375 0.3932291666666667 0.02734375 0.045572916666666664
2 0.67578125 0.3411458333333333 0.018229166666666668 0.028645833333333332