2 0.7786458333333334 0.37890625 0.07942708333333333 0.09375
0 0.6940104166666666 0.73828125 0.07942708333333333 0.12890625
4 0.6002604166666666 0.4856770833333333 0.0234375 0.04296875
4 0.65625 0.4765625 0.024739583333333332 0.044270833333333336
4 0.6497395833333334 0.35546875 0.0234375 0.04296875
4 0.6940104166666666 0.4427083333333333 0.024739583333333332 0.041666666666666664
4 0.4713541666666667 0.3723958333333333 0.020833333333333332 0.044270833333333336
4 0.7057291666666666 0.5247395833333334 0.0234375 0.040364583333333336
3 0.5065104166666666 0.6888020833333334 0.014322916666666666 0.0234375
1 0.5872395833333334 0.3346354166666667 0.0234375 0.037760416666666664
3 0.57421875 0.7291666666666666 0.014322916666666666 0.0234375
3 0.5833333333333334 0.6640625 0.015625 0.028645833333333332
3 0.5208333333333334 0.6263020833333334 0.015625 0.028645833333333332
1 0.5546875 0.359375 0.022135416666666668 0.044270833333333336
1 0.5325520833333334 0.2721354166666667 0.022135416666666668 0.044270833333333336
1 0.5442708333333334 0.3151041666666667 0.0234375 0.041666666666666664
3 0.5533854166666666 0.6484375 0.014322916666666666 0.024739583333333332
1 0.5598958333333334 0.25 0.022135416666666668 0.044270833333333336
3 0.5442708333333334 0.7161458333333334 0.013020833333333334 0.026041666666666668
1 0.5716145833333334 0.2955729166666667 0.020833333333333332 0.03515625