4 0.5911458333333334 0.5559895833333334 0.0234375 0.045572916666666664
4 0.6393229166666666 0.6419270833333334 0.022135416666666668 0.044270833333333336
0 0.5625 0.3984375 0.08072916666666667 0.13671875
4 0.5442708333333334 0.5572916666666666 0.022135416666666668 0.045572916666666664
4 0.4466145833333333 0.5703125 0.022135416666666668 0.046875
4 0.4830729166666667 0.6028645833333334 0.022135416666666668 0.044270833333333336
4 0.7838541666666666 0.4921875 0.0234375 0.04296875
1 0.7330729166666666 0.7252604166666666 0.0234375 0.041666666666666664
1 0.7447916666666666 0.8255208333333334 0.026041666666666668 0.040364583333333336
1 0.703125 0.7291666666666666 0.022135416666666668 0.041666666666666664
1 0.7044270833333334 0.7799479166666666 0.0234375 0.041666666666666664
2 0.7278645833333334 0.3815104166666667 0.12369791666666667 0.17317708333333334
1 0.7369791666666666 0.7734375 0.024739583333333332 0.041666666666666664
3 0.6106770833333334 0.7369791666666666 0.014322916666666666 0.026041666666666668
3 0.5872395833333334 0.7903645833333334 0.015625 0.026041666666666668
1 0.7083333333333334 0.8307291666666666 0.028645833333333332 0.037760416666666664
3 0.5390625 0.79296875 0.014322916666666666 0.02734375
3 0.578125 0.6940104166666666 0.015625 0.029947916666666668
3 0.5703125 0.8359375 0.013020833333333334 0.026041666666666668
3 0.5559895833333334 0.7408854166666666 0.015625 0.02734375