2 0.45703125 0.70703125 0.07421875 0.09895833333333333
4 0.58984375 0.5455729166666666 0.0234375 0.044270833333333336
4 0.4466145833333333 0.5520833333333334 0.020833333333333332 0.045572916666666664
4 0.63671875 0.63671875 0.022135416666666668 0.04296875
4 0.48046875 0.5859375 0.020833333333333332 0.044270833333333336
4 0.54296875 0.5442708333333334 0.022135416666666668 0.04296875
0 0.5651041666666666 0.3854166666666667 0.08072916666666667 0.13541666666666666
4 0.6354166666666666 0.23828125 0.0234375 0.045572916666666664
1 0.73828125 0.8190104166666666 0.026041666666666668 0.041666666666666664
1 0.7330729166666666 0.76953125 0.024739583333333332 0.04296875
1 0.6979166666666666 0.72265625 0.0234375 0.04296875
1 0.7317708333333334 0.7200520833333334 0.0234375 0.044270833333333336
1 0.7005208333333334 0.7747395833333334 0.024739583333333332 0.04296875
1 0.703125 0.8216145833333334 0.0234375 0.040364583333333336
3 0.60546875 0.7265625 0.015625 0.026041666666666668
3 0.58203125 0.77734375 0.014322916666666666 0.024739583333333332
3 0.5768229166666666 0.6861979166666666 0.014322916666666666 0.029947916666666668
3 0.5325520833333334 0.7799479166666666 0.014322916666666666 0.0234375
3 0.5625 0.82421875 0.013020833333333334 0.022135416666666668
4 0.74609375 0.5247395833333334 0.016927083333333332 0.037760416666666664
3 0.5533854166666666 0.7278645833333334 0.014322916666666666 0.03125