2 0.5911458333333334 0.66015625 0.08203125 0.09765625
4 0.546875 0.3658854166666667 0.024739583333333332 0.055989583333333336
4 0.5143229166666666 0.3151041666666667 0.0234375 0.045572916666666664
4 0.5221354166666666 0.3776041666666667 0.024739583333333332 0.05078125
4 0.4869791666666667 0.32421875 0.024739583333333332 0.046875
4 0.4921875 0.37890625 0.024739583333333332 0.049479166666666664
0 0.73828125 0.45703125 0.078125 0.125
4 0.5403645833333334 0.3111979166666667 0.0234375 0.049479166666666664
3 0.62109375 0.46875 0.015625 0.032552083333333336
3 0.5520833333333334 0.4674479166666667 0.018229166666666668 0.028645833333333332
3 0.5546875 0.5390625 0.013020833333333334 0.024739583333333332
3 0.58984375 0.5390625 0.014322916666666666 0.024739583333333332
3 0.5872395833333334 0.4674479166666667 0.014322916666666666 0.026041666666666668
3 0.6223958333333334 0.5364583333333334 0.015625 0.028645833333333332