2 0.7421875 0.69140625 0.07942708333333333 0.09505208333333333
0 0.6119791666666666 0.7734375 0.07682291666666667 0.13020833333333334
3 0.5078125 0.5390625 0.016927083333333332 0.024739583333333332
4 0.7838541666666666 0.3723958333333333 0.024739583333333332 0.045572916666666664
4 0.7252604166666666 0.3697916666666667 0.024739583333333332 0.046875
3 0.50390625 0.4700520833333333 0.015625 0.026041666666666668
3 0.44140625 0.5403645833333334 0.014322916666666666 0.0234375
4 0.7278645833333334 0.4231770833333333 0.0234375 0.044270833333333336
3 0.4739583333333333 0.5416666666666666 0.014322916666666666 0.022135416666666668
4 0.7825520833333334 0.4244791666666667 0.024739583333333332 0.045572916666666664
4 0.7565104166666666 0.4244791666666667 0.022135416666666668 0.044270833333333336
3 0.4427083333333333 0.46875 0.015625 0.026041666666666668
3 0.4752604166666667 0.4700520833333333 0.014322916666666666 0.026041666666666668
4 0.7565104166666666 0.3697916666666667 0.024739583333333332 0.044270833333333336
1 0.52734375 0.2890625 0.022135416666666668 0.04296875
1 0.5546875 0.2630208333333333 0.024739583333333332 0.046875
1 0.56640625 0.3046875 0.020833333333333332 0.036458333333333336
1 0.5533854166666666 0.3697916666666667 0.024739583333333332 0.04296875
1 0.5403645833333334 0.3307291666666667 0.0234375 0.044270833333333336
1 0.58203125 0.3411458333333333 0.024739583333333332 0.040364583333333336