0 0.765625 0.6263020833333334 0.07682291666666667 0.140625
4 0.6393229166666666 0.58984375 0.024739583333333332 0.05078125
4 0.6419270833333334 0.6419270833333334 0.02734375 0.053385416666666664
4 0.58203125 0.59375 0.024739583333333332 0.049479166666666664
4 0.5833333333333334 0.6536458333333334 0.026041666666666668 0.057291666666666664
4 0.6119791666666666 0.65234375 0.026041666666666668 0.053385416666666664
4 0.6106770833333334 0.58984375 0.024739583333333332 0.049479166666666664
3 0.4674479166666667 0.4453125 0.016927083333333332 0.03125
3 0.53515625 0.375 0.016927083333333332 0.028645833333333332
3 0.5377604166666666 0.4427083333333333 0.018229166666666668 0.033854166666666664
2 0.6067708333333334 0.3697916666666667 0.057291666666666664 0.12890625
3 0.6393229166666666 0.4427083333333333 0.020833333333333332 0.0390625
3 0.5026041666666666 0.3723958333333333 0.015625 0.026041666666666668
3 0.46875 0.37890625 0.013020833333333334 0.026041666666666668
3 0.50390625 0.4440104166666667 0.016927083333333332 0.028645833333333332