0 0.60546875 0.359375 0.08203125 0.13932291666666666
2 0.7291666666666666 0.33203125 0.061197916666666664 0.14192708333333334
4 0.5911458333333334 0.5546875 0.022135416666666668 0.045572916666666664
4 0.6458333333333334 0.5325520833333334 0.0234375 0.044270833333333336
4 0.4817708333333333 0.6002604166666666 0.020833333333333332 0.04296875
4 0.484375 0.3606770833333333 0.020833333333333332 0.041666666666666664
4 0.6393229166666666 0.6536458333333334 0.0234375 0.041666666666666664
4 0.4375 0.3255208333333333 0.018229166666666668 0.041666666666666664
1 0.5794270833333334 0.734375 0.0234375 0.041666666666666664
1 0.6106770833333334 0.734375 0.0234375 0.041666666666666664
3 0.4635416666666667 0.4674479166666667 0.016927083333333332 0.02734375
3 0.4283854166666667 0.5325520833333334 0.015625 0.024739583333333332
3 0.4596354166666667 0.5377604166666666 0.015625 0.024739583333333332
3 0.3984375 0.4609375 0.014322916666666666 0.02734375
3 0.39453125 0.52734375 0.014322916666666666 0.024739583333333332
1 0.61328125 0.69140625 0.0234375 0.040364583333333336
3 0.42578125 0.4635416666666667 0.013020833333333334 0.026041666666666668
1 0.5846354166666666 0.6901041666666666 0.022135416666666668 0.041666666666666664
1 0.5755208333333334 0.7825520833333334 0.022135416666666668 0.037760416666666664
1 0.6106770833333334 0.7838541666666666 0.026041666666666668 0.041666666666666664