2 0.4739583333333333 0.5546875 0.0703125 0.09505208333333333
4 0.57421875 0.359375 0.026041666666666668 0.048177083333333336
4 0.5729166666666666 0.3059895833333333 0.024739583333333332 0.046875
4 0.59765625 0.3020833333333333 0.0234375 0.045572916666666664
4 0.6276041666666666 0.3541666666666667 0.026041666666666668 0.048177083333333336
4 0.6002604166666666 0.359375 0.026041666666666668 0.046875
4 0.6236979166666666 0.2981770833333333 0.0234375 0.048177083333333336
0 0.734375 0.4557291666666667 0.07942708333333333 0.12630208333333334
3 0.5963541666666666 0.59375 0.014322916666666666 0.024739583333333332
3 0.6236979166666666 0.5182291666666666 0.016927083333333332 0.02734375
3 0.62890625 0.5872395833333334 0.014322916666666666 0.028645833333333332
3 0.5651041666666666 0.6002604166666666 0.01171875 0.0234375
3 0.5638020833333334 0.5299479166666666 0.01171875 0.0234375
3 0.5924479166666666 0.5247395833333334 0.013020833333333334 0.0234375