4 0.5950520833333334 0.5598958333333334 0.0234375 0.044270833333333336
4 0.7513020833333334 0.4283854166666667 0.0234375 0.041666666666666664
4 0.4856770833333333 0.6041666666666666 0.020833333333333332 0.045572916666666664
4 0.67578125 0.5104166666666666 0.0234375 0.04296875
4 0.7434895833333334 0.3359375 0.0234375 0.041666666666666664
2 0.4583333333333333 0.46484375 0.07291666666666667 0.15104166666666666
4 0.6419270833333334 0.6588541666666666 0.0234375 0.04296875
0 0.6549479166666666 0.3216145833333333 0.078125 0.13541666666666666
3 0.4583333333333333 0.23046875 0.013020833333333334 0.026041666666666668
3 0.4388020833333333 0.2955729166666667 0.013020833333333334 0.026041666666666668
3 0.46484375 0.3268229166666667 0.014322916666666666 0.022135416666666668
3 0.49609375 0.35546875 0.014322916666666666 0.024739583333333332
1 0.4244791666666667 0.6783854166666666 0.022135416666666668 0.041666666666666664
3 0.5143229166666666 0.296875 0.014322916666666666 0.0234375
1 0.4088541666666667 0.71875 0.022135416666666668 0.044270833333333336
1 0.4348958333333333 0.75390625 0.0234375 0.044270833333333336
1 0.3958333333333333 0.76171875 0.020833333333333332 0.040364583333333336
1 0.41796875 0.7942708333333334 0.022135416666666668 0.040364583333333336
1 0.45703125 0.7135416666666666 0.022135416666666668 0.041666666666666664
3 0.4921875 0.2604166666666667 0.015625 0.032552083333333336