2 0.5143229166666666 0.35546875 0.06901041666666667 0.09635416666666667
0 0.7604166666666666 0.6197916666666666 0.0859375 0.13151041666666666
4 0.6380208333333334 0.3776041666666667 0.026041666666666668 0.048177083333333336
4 0.63671875 0.3229166666666667 0.026041666666666668 0.046875
3 0.5651041666666666 0.6236979166666666 0.020833333333333332 0.029947916666666668
3 0.5638020833333334 0.5520833333333334 0.018229166666666668 0.03125
3 0.6302083333333334 0.55078125 0.018229166666666668 0.03125
4 0.6940104166666666 0.3216145833333333 0.024739583333333332 0.048177083333333336
4 0.6966145833333334 0.3736979166666667 0.024739583333333332 0.049479166666666664
3 0.59765625 0.6223958333333334 0.016927083333333332 0.02734375
4 0.6666666666666666 0.3776041666666667 0.026041666666666668 0.048177083333333336
3 0.59765625 0.5533854166666666 0.016927083333333332 0.029947916666666668
4 0.6653645833333334 0.3203125 0.0234375 0.044270833333333336
3 0.6302083333333334 0.6223958333333334 0.018229166666666668 0.029947916666666668