2 0.45703125 0.70703125 0.07421875 0.10026041666666667
0 0.56640625 0.38671875 0.08203125 0.13411458333333334
4 0.4466145833333333 0.5520833333333334 0.020833333333333332 0.045572916666666664
4 0.48046875 0.5859375 0.020833333333333332 0.044270833333333336
4 0.63671875 0.6354166666666666 0.022135416666666668 0.044270833333333336
4 0.54296875 0.5442708333333334 0.022135416666666668 0.044270833333333336
4 0.5833333333333334 0.5494791666666666 0.0234375 0.044270833333333336
4 0.63671875 0.24088541666666666 0.022135416666666668 0.045572916666666664
3 0.67578125 0.53515625 0.016927083333333332 0.026041666666666668
3 0.6276041666666666 0.5625 0.014322916666666666 0.0234375
1 0.74609375 0.3671875 0.024739583333333332 0.04296875
1 0.7565104166666666 0.2708333333333333 0.0234375 0.0390625
1 0.7239583333333334 0.2630208333333333 0.022135416666666668 0.04296875
1 0.7526041666666666 0.3203125 0.024739583333333332 0.040364583333333336
3 0.6002604166666666 0.5286458333333334 0.015625 0.02734375
1 0.70703125 0.3541666666666667 0.020833333333333332 0.0390625
3 0.6614583333333334 0.59375 0.015625 0.026041666666666668
1 0.71484375 0.3111979166666667 0.018229166666666668 0.036458333333333336
3 0.6510416666666666 0.5065104166666666 0.015625 0.026041666666666668
3 0.6223958333333334 0.4713541666666667 0.014322916666666666 0.02734375