0 0.7630208333333334 0.6197916666666666 0.0859375 0.13020833333333334
2 0.60546875 0.37109375 0.06380208333333333 0.1484375
4 0.6119791666666666 0.65234375 0.026041666666666668 0.052083333333333336
4 0.6106770833333334 0.58984375 0.024739583333333332 0.049479166666666664
4 0.6419270833333334 0.640625 0.026041666666666668 0.052083333333333336
4 0.6380208333333334 0.58984375 0.0234375 0.049479166666666664
4 0.5833333333333334 0.6536458333333334 0.026041666666666668 0.055989583333333336
4 0.5833333333333334 0.5924479166666666 0.0234375 0.048177083333333336
3 0.4700520833333333 0.44921875 0.015625 0.033854166666666664
3 0.5390625 0.4466145833333333 0.016927083333333332 0.032552083333333336
3 0.53515625 0.3776041666666667 0.016927083333333332 0.028645833333333332
3 0.50390625 0.4479166666666667 0.015625 0.03125
3 0.5013020833333334 0.3815104166666667 0.014322916666666666 0.024739583333333332
3 0.46875 0.3854166666666667 0.014322916666666666 0.02734375