2 0.4609375 0.46484375 0.07161458333333333 0.15885416666666666
4 0.5963541666666666 0.5611979166666666 0.022135416666666668 0.045572916666666664
4 0.6770833333333334 0.5078125 0.0234375 0.04296875
4 0.4869791666666667 0.60546875 0.022135416666666668 0.046875
4 0.6848958333333334 0.60546875 0.022135416666666668 0.040364583333333336
4 0.6432291666666666 0.6588541666666666 0.020833333333333332 0.0390625
1 0.4192708333333333 0.79296875 0.022135416666666668 0.0390625
3 0.5221354166666666 0.625 0.014322916666666666 0.024739583333333332
1 0.39453125 0.7565104166666666 0.020833333333333332 0.040364583333333336
1 0.4348958333333333 0.7513020833333334 0.022135416666666668 0.040364583333333336
3 0.5807291666666666 0.6666666666666666 0.015625 0.02734375
0 0.8190104166666666 0.59765625 0.08854166666666667 0.09895833333333333
1 0.42578125 0.6770833333333334 0.020833333333333332 0.040364583333333336
3 0.5065104166666666 0.6901041666666666 0.014322916666666666 0.0234375
1 0.41015625 0.7174479166666666 0.022135416666666668 0.040364583333333336
3 0.57421875 0.73046875 0.015625 0.0234375
3 0.5546875 0.6484375 0.015625 0.026041666666666668
1 0.4518229166666667 0.71484375 0.01953125 0.041666666666666664
3 0.5377604166666666 0.7096354166666666 0.014322916666666666 0.03515625