2 0.58984375 0.6588541666666666 0.08072916666666667 0.09895833333333333
4 0.57421875 0.359375 0.024739583333333332 0.049479166666666664
4 0.62890625 0.35546875 0.026041666666666668 0.049479166666666664
4 0.6236979166666666 0.3020833333333333 0.0234375 0.046875
4 0.5703125 0.3033854166666667 0.0234375 0.045572916666666664
4 0.5989583333333334 0.30078125 0.022135416666666668 0.045572916666666664
4 0.6015625 0.3606770833333333 0.024739583333333332 0.048177083333333336
3 0.5546875 0.4661458333333333 0.015625 0.028645833333333332
3 0.5533854166666666 0.5377604166666666 0.016927083333333332 0.02734375
0 0.7356770833333334 0.45703125 0.07421875 0.12239583333333333
3 0.5872395833333334 0.5377604166666666 0.015625 0.026041666666666668
3 0.6197916666666666 0.5364583333333334 0.016927083333333332 0.03125
3 0.6197916666666666 0.46484375 0.015625 0.028645833333333332
3 0.5872395833333334 0.4661458333333333 0.014322916666666666 0.026041666666666668