2 0.5911458333333334 0.66796875 0.07942708333333333 0.10026041666666667
0 0.74609375 0.6419270833333334 0.09375 0.13802083333333334
4 0.5013020833333334 0.5338541666666666 0.0234375 0.052083333333333336
4 0.4479166666666667 0.58984375 0.026041666666666668 0.052083333333333336
4 0.453125 0.5377604166666666 0.0234375 0.05078125
4 0.50390625 0.58984375 0.024739583333333332 0.053385416666666664
3 0.7109375 0.3372395833333333 0.01953125 0.03125
4 0.4765625 0.5924479166666666 0.024739583333333332 0.049479166666666664
3 0.7122395833333334 0.4036458333333333 0.018229166666666668 0.033854166666666664
3 0.6471354166666666 0.4140625 0.018229166666666668 0.03125
3 0.6783854166666666 0.41015625 0.016927083333333332 0.029947916666666668
3 0.64453125 0.3424479166666667 0.018229166666666668 0.028645833333333332
4 0.4778645833333333 0.5338541666666666 0.022135416666666668 0.052083333333333336
3 0.671875 0.3411458333333333 0.016927083333333332 0.029947916666666668