2 0.44921875 0.7317708333333334 0.078125 0.1015625
4 0.58984375 0.5559895833333334 0.0234375 0.045572916666666664
4 0.6380208333333334 0.6432291666666666 0.022135416666666668 0.04296875
0 0.5611979166666666 0.3997395833333333 0.08333333333333333 0.13541666666666666
4 0.5442708333333334 0.5572916666666666 0.022135416666666668 0.045572916666666664
4 0.4817708333333333 0.6028645833333334 0.022135416666666668 0.044270833333333336
4 0.4453125 0.5716145833333334 0.022135416666666668 0.044270833333333336
4 0.7838541666666666 0.4921875 0.024739583333333332 0.041666666666666664
1 0.7330729166666666 0.7252604166666666 0.0234375 0.041666666666666664
1 0.7447916666666666 0.82421875 0.024739583333333332 0.0390625
1 0.7044270833333334 0.7786458333333334 0.0234375 0.040364583333333336
1 0.7044270833333334 0.7291666666666666 0.022135416666666668 0.041666666666666664
3 0.6106770833333334 0.7369791666666666 0.014322916666666666 0.024739583333333332
1 0.7369791666666666 0.7721354166666666 0.024739583333333332 0.040364583333333336
3 0.5872395833333334 0.7903645833333334 0.014322916666666666 0.024739583333333332
3 0.578125 0.6940104166666666 0.014322916666666666 0.028645833333333332
3 0.5390625 0.79296875 0.014322916666666666 0.02734375
3 0.5703125 0.8372395833333334 0.014322916666666666 0.026041666666666668
1 0.7083333333333334 0.828125 0.02734375 0.037760416666666664
1 0.7395833333333334 0.7838541666666666 0.0234375 0.040364583333333336
3 0.5559895833333334 0.7421875 0.020833333333333332 0.036458333333333336