2 0.47265625 0.4049479166666667 0.0546875 0.13932291666666666
0 0.7630208333333334 0.62109375 0.08723958333333333 0.13020833333333334
4 0.609375 0.4609375 0.02734375 0.048177083333333336
4 0.6419270833333334 0.4583333333333333 0.026041666666666668 0.045572916666666664
4 0.63671875 0.36328125 0.024739583333333332 0.046875
4 0.6041666666666666 0.3684895833333333 0.024739583333333332 0.046875
4 0.6041666666666666 0.4166666666666667 0.028645833333333332 0.041666666666666664
4 0.6380208333333334 0.41015625 0.028645833333333332 0.044270833333333336
3 0.6354166666666666 0.65234375 0.018229166666666668 0.029947916666666668
3 0.5755208333333334 0.5716145833333334 0.014322916666666666 0.02734375
3 0.6106770833333334 0.5455729166666666 0.013020833333333334 0.024739583333333332
3 0.5872395833333334 0.6276041666666666 0.014322916666666666 0.024739583333333332
3 0.6028645833333334 0.68359375 0.015625 0.02734375
3 0.625 0.6028645833333334 0.015625 0.029947916666666668