0 0.765625 0.6236979166666666 0.078125 0.140625
4 0.5729166666666666 0.35546875 0.024739583333333332 0.048177083333333336
4 0.6276041666666666 0.4049479166666667 0.026041666666666668 0.052083333333333336
4 0.6002604166666666 0.4075520833333333 0.024739583333333332 0.05078125
4 0.6223958333333334 0.3580729166666667 0.024739583333333332 0.046875
4 0.5729166666666666 0.4088541666666667 0.026041666666666668 0.046875
4 0.5989583333333334 0.3528645833333333 0.022135416666666668 0.048177083333333336
2 0.4752604166666667 0.5559895833333334 0.07421875 0.09375
3 0.6302083333333334 0.5520833333333334 0.018229166666666668 0.029947916666666668
3 0.5638020833333334 0.5533854166666666 0.018229166666666668 0.033854166666666664
3 0.5651041666666666 0.625 0.020833333333333332 0.029947916666666668
3 0.5989583333333334 0.6236979166666666 0.016927083333333332 0.02734375
3 0.5989583333333334 0.5559895833333334 0.016927083333333332 0.028645833333333332
3 0.6328125 0.625 0.014322916666666666 0.037760416666666664