4 0.5104166666666666 0.62109375 0.024739583333333332 0.05078125
4 0.4856770833333333 0.6171875 0.024739583333333332 0.05078125
4 0.515625 0.6770833333333334 0.026041666666666668 0.052083333333333336
2 0.59375 0.66015625 0.07552083333333333 0.09375
4 0.4895833333333333 0.6770833333333334 0.026041666666666668 0.049479166666666664
0 0.7486979166666666 0.4518229166666667 0.08203125 0.14192708333333334
4 0.4557291666666667 0.6731770833333334 0.026041666666666668 0.048177083333333336
4 0.4596354166666667 0.6184895833333334 0.0234375 0.049479166666666664
3 0.62109375 0.4674479166666667 0.014322916666666666 0.024739583333333332
3 0.5885416666666666 0.5364583333333334 0.014322916666666666 0.0234375
3 0.5546875 0.46875 0.013020833333333334 0.0234375
3 0.5885416666666666 0.4700520833333333 0.01171875 0.022135416666666668
3 0.6236979166666666 0.53515625 0.014322916666666666 0.029947916666666668