2 0.5950520833333334 0.6588541666666666 0.07291666666666667 0.09375
4 0.5091145833333334 0.6197916666666666 0.024739583333333332 0.05078125
4 0.4869791666666667 0.6171875 0.024739583333333332 0.05078125
4 0.515625 0.6744791666666666 0.024739583333333332 0.05078125
4 0.4895833333333333 0.67578125 0.024739583333333332 0.048177083333333336
4 0.4583333333333333 0.671875 0.0234375 0.048177083333333336
4 0.4609375 0.6184895833333334 0.0234375 0.048177083333333336
0 0.734375 0.45703125 0.08072916666666667 0.12630208333333334
3 0.6223958333333334 0.4661458333333333 0.015625 0.028645833333333332
3 0.62109375 0.5338541666666666 0.016927083333333332 0.032552083333333336
3 0.5872395833333334 0.5364583333333334 0.015625 0.028645833333333332
3 0.55078125 0.4752604166666667 0.013020833333333334 0.026041666666666668