2 0.5572916666666666 0.7200520833333334 0.0703125 0.14973958333333334
3 0.4661458333333333 0.3294270833333333 0.014322916666666666 0.026041666666666668
3 0.4361979166666667 0.30078125 0.013020833333333334 0.02734375
3 0.4973958333333333 0.3567708333333333 0.015625 0.02734375
4 0.5950520833333334 0.5611979166666666 0.0234375 0.045572916666666664
4 0.484375 0.6041666666666666 0.022135416666666668 0.046875
3 0.453125 0.23567708333333334 0.014322916666666666 0.029947916666666668
4 0.7447916666666666 0.3125 0.7526041666666666 0.3255208333333333 0.7526041666666666 0.3385416666666667 0.7473958333333334 0.3489583333333333 0.7395833333333334 0.3541666666666667 0.734375 0.3515625 0.7317708333333334 0.3463541666666667 0.7317708333333334 0.3411458333333333 0.7291666666666666 0.3385416666666667 0.7291666666666666 0.328125 0.7317708333333334 0.3255208333333333 0.7317708333333334 0.3203125 0.7395833333333334 0.3125 0.7421875 0.3125
4 0.7526041666666666 0.40625 0.7604166666666666 0.4192708333333333 0.7604166666666666 0.4322916666666667 0.7578125 0.4348958333333333 0.7578125 0.4401041666666667 0.75 0.4479166666666667 0.7473958333333334 0.4479166666666667 0.7395833333333334 0.4401041666666667 0.7395833333333334 0.4348958333333333 0.7369791666666666 0.4322916666666667 0.7369791666666666 0.4192708333333333 0.7421875 0.4088541666666667 0.75 0.40625
4 0.6822916666666666 0.4895833333333333 0.6848958333333334 0.4947916666666667 0.6848958333333334 0.5182291666666666 0.6770833333333334 0.5286458333333334 0.671875 0.5286458333333334 0.6640625 0.5182291666666666 0.6640625 0.5 0.6744791666666666 0.4869791666666667 0.6796875 0.4895833333333333
4 0.640625 0.6588541666666666 0.024739583333333332 0.044270833333333336
3 0.4856770833333333 0.2604166666666667 0.020833333333333332 0.0390625
0 0.6536458333333334 0.3216145833333333 0.07421875 0.14713541666666666
1 0.4466145833333333 0.7174479166666666 0.022135416666666668 0.041666666666666664
1 0.4700520833333333 0.75390625 0.020833333333333332 0.04296875
1 0.4283854166666667 0.7565104166666666 0.022135416666666668 0.044270833333333336
1 0.453125 0.7916666666666666 0.0234375 0.041666666666666664
1 0.4127604166666667 0.7981770833333334 0.024739583333333332 0.041666666666666664
1 0.4361979166666667 0.8294270833333334 0.024739583333333332 0.044270833333333336