0 0.7591145833333334 0.6197916666666666 0.09244791666666667 0.1328125
4 0.63671875 0.3619791666666667 0.024739583333333332 0.048177083333333336
4 0.60546875 0.3684895833333333 0.024739583333333332 0.046875
4 0.6106770833333334 0.4622395833333333 0.02734375 0.045572916666666664
4 0.6419270833333334 0.4596354166666667 0.026041666666666668 0.046875
4 0.6393229166666666 0.41015625 0.02734375 0.046875
3 0.5963541666666666 0.55859375 0.01953125 0.032552083333333336
3 0.5963541666666666 0.6184895833333334 0.016927083333333332 0.028645833333333332
3 0.6341145833333334 0.5520833333333334 0.016927083333333332 0.029947916666666668
4 0.6067708333333334 0.4166666666666667 0.029947916666666668 0.041666666666666664
3 0.6354166666666666 0.609375 0.018229166666666668 0.03125
3 0.6380208333333334 0.6731770833333334 0.020833333333333332 0.03125
3 0.6015625 0.6796875 0.01953125 0.040364583333333336
2 0.4700520833333333 0.4036458333333333 0.055989583333333336 0.13932291666666666