0 0.6653645833333334 0.7513020833333334 0.07552083333333333 0.1328125
3 0.4427083333333333 0.5416666666666666 0.014322916666666666 0.024739583333333332
3 0.4765625 0.5416666666666666 0.014322916666666666 0.022135416666666668
3 0.5091145833333334 0.5416666666666666 0.014322916666666666 0.024739583333333332
3 0.4427083333333333 0.4700520833333333 0.014322916666666666 0.024739583333333332
3 0.4765625 0.4713541666666667 0.013020833333333334 0.0234375
3 0.5052083333333334 0.4778645833333333 0.01171875 0.022135416666666668
4 0.6002604166666666 0.4856770833333333 0.022135416666666668 0.045572916666666664
1 0.5807291666666666 0.3411458333333333 0.0234375 0.037760416666666664
1 0.5546875 0.3684895833333333 0.020833333333333332 0.037760416666666664
1 0.5403645833333334 0.328125 0.015625 0.036458333333333336
1 0.56640625 0.3046875 0.022135416666666668 0.03515625