2 0.5533854166666666 0.62890625 0.08072916666666667 0.09505208333333333
0 0.7161458333333334 0.6484375 0.08984375 0.13541666666666666
4 0.53125 0.4361979166666667 0.0234375 0.046875
4 0.4947916666666667 0.44140625 0.024739583333333332 0.048177083333333336
4 0.5260416666666666 0.3880208333333333 0.024739583333333332 0.045572916666666664
4 0.4973958333333333 0.3958333333333333 0.02734375 0.044270833333333336
4 0.4934895833333333 0.3528645833333333 0.024739583333333332 0.048177083333333336
4 0.5234375 0.3463541666666667 0.0234375 0.045572916666666664
3 0.7109375 0.40234375 0.018229166666666668 0.03515625
3 0.6770833333333334 0.4088541666666667 0.016927083333333332 0.03125
3 0.6458333333333334 0.4127604166666667 0.01953125 0.03125
3 0.7096354166666666 0.3372395833333333 0.01953125 0.028645833333333332
3 0.6432291666666666 0.34375 0.016927083333333332 0.028645833333333332
3 0.67578125 0.3411458333333333 0.016927083333333332 0.028645833333333332