2 0.5638020833333334 0.7317708333333334 0.055989583333333336 0.15494791666666666
3 0.4661458333333333 0.4674479166666667 0.018229166666666668 0.029947916666666668
3 0.4635416666666667 0.5364583333333334 0.015625 0.026041666666666668
3 0.40234375 0.4596354166666667 0.014322916666666666 0.028645833333333332
3 0.4322916666666667 0.53125 0.014322916666666666 0.0234375
3 0.3984375 0.52734375 0.014322916666666666 0.024739583333333332
3 0.4388020833333333 0.4622395833333333 0.014322916666666666 0.02734375
4 0.484375 0.6041666666666666 0.022135416666666668 0.045572916666666664
4 0.5950520833333334 0.5598958333333334 0.0234375 0.045572916666666664
4 0.6770833333333334 0.5091145833333334 0.024739583333333332 0.044270833333333336
4 0.6419270833333334 0.66015625 0.024739583333333332 0.045572916666666664
4 0.7447916666666666 0.3125 0.7526041666666666 0.3255208333333333 0.7526041666666666 0.3385416666666667 0.7473958333333334 0.3489583333333333 0.7421875 0.3541666666666667 0.734375 0.3515625 0.7317708333333334 0.3411458333333333 0.7291666666666666 0.3385416666666667 0.7291666666666666 0.328125 0.7317708333333334 0.3255208333333333 0.7317708333333334 0.3203125 0.7395833333333334 0.3125 0.7421875 0.3125
4 0.7526041666666666 0.40625 0.7578125 0.4114583333333333 0.7578125 0.4166666666666667 0.7604166666666666 0.4192708333333333 0.7604166666666666 0.4322916666666667 0.7578125 0.4348958333333333 0.7552083333333334 0.4453125 0.75 0.4479166666666667 0.7447916666666666 0.4479166666666667 0.7421875 0.4453125 0.7395833333333334 0.4348958333333333 0.7369791666666666 0.4322916666666667 0.7369791666666666 0.4192708333333333 0.7421875 0.4088541666666667 0.75 0.40625
0 0.6549479166666666 0.3190104166666667 0.078125 0.13541666666666666
1 0.4453125 0.7174479166666666 0.026041666666666668 0.04296875
1 0.4700520833333333 0.7565104166666666 0.022135416666666668 0.036458333333333336
1 0.4283854166666667 0.7578125 0.020833333333333332 0.046875
1 0.453125 0.7916666666666666 0.022135416666666668 0.046875
1 0.4140625 0.7942708333333334 0.022135416666666668 0.044270833333333336
1 0.4348958333333333 0.828125 0.029947916666666668 0.0390625