2 0.47265625 0.4049479166666667 0.053385416666666664 0.13932291666666666
0 0.76171875 0.6197916666666666 0.08723958333333333 0.13151041666666666
4 0.6419270833333334 0.4583333333333333 0.026041666666666668 0.046875
4 0.609375 0.4622395833333333 0.02734375 0.046875
4 0.6041666666666666 0.3684895833333333 0.024739583333333332 0.046875
4 0.63671875 0.36328125 0.024739583333333332 0.048177083333333336
4 0.6041666666666666 0.41796875 0.028645833333333332 0.04296875
4 0.6380208333333334 0.41015625 0.028645833333333332 0.045572916666666664
3 0.5963541666666666 0.5559895833333334 0.016927083333333332 0.033854166666666664
3 0.59765625 0.6158854166666666 0.016927083333333332 0.03125
3 0.6328125 0.5533854166666666 0.015625 0.03125
3 0.6380208333333334 0.6731770833333334 0.015625 0.03125
3 0.5989583333333334 0.6770833333333334 0.015625 0.03125
3 0.6380208333333334 0.6145833333333334 0.016927083333333332 0.03125