2 0.4609375 0.4635416666666667 0.07291666666666667 0.15885416666666666
4 0.5950520833333334 0.5611979166666666 0.0234375 0.045572916666666664
4 0.4869791666666667 0.60546875 0.020833333333333332 0.046875
4 0.6770833333333334 0.5091145833333334 0.022135416666666668 0.0390625
4 0.6419270833333334 0.6588541666666666 0.0234375 0.0390625
4 0.68359375 0.6041666666666666 0.0234375 0.037760416666666664
1 0.39453125 0.7578125 0.020833333333333332 0.040364583333333336
1 0.4192708333333333 0.7916666666666666 0.022135416666666668 0.040364583333333336
1 0.4361979166666667 0.7526041666666666 0.022135416666666668 0.041666666666666664
1 0.42578125 0.6770833333333334 0.020833333333333332 0.040364583333333336
3 0.5208333333333334 0.6236979166666666 0.014322916666666666 0.024739583333333332
1 0.41015625 0.7174479166666666 0.022135416666666668 0.04296875
3 0.5807291666666666 0.6666666666666666 0.015625 0.02734375
0 0.6653645833333334 0.3268229166666667 0.07682291666666667 0.13020833333333334
1 0.453125 0.7083333333333334 0.022135416666666668 0.0390625
3 0.5065104166666666 0.6901041666666666 0.014322916666666666 0.0234375
3 0.5533854166666666 0.6484375 0.014322916666666666 0.024739583333333332
3 0.57421875 0.73046875 0.015625 0.0234375
3 0.5455729166666666 0.7174479166666666 0.014322916666666666 0.0234375