4 0.5911458333333334 0.5533854166666666 0.0234375 0.046875
0 0.5572916666666666 0.4036458333333333 0.0859375 0.13802083333333334
4 0.5442708333333334 0.5559895833333334 0.022135416666666668 0.045572916666666664
4 0.6458333333333334 0.5325520833333334 0.0234375 0.044270833333333336
4 0.6393229166666666 0.65625 0.0234375 0.04296875
4 0.4466145833333333 0.5716145833333334 0.022135416666666668 0.046875
4 0.4830729166666667 0.6028645833333334 0.0234375 0.046875
2 0.7252604166666666 0.328125 0.07161458333333333 0.14713541666666666
1 0.61328125 0.7369791666666666 0.022135416666666668 0.04296875
3 0.5052083333333334 0.6471354166666666 0.014322916666666666 0.026041666666666668
1 0.61328125 0.6927083333333334 0.020833333333333332 0.041666666666666664
1 0.5833333333333334 0.73828125 0.020833333333333332 0.040364583333333336
3 0.4752604166666667 0.7786458333333334 0.014322916666666666 0.022135416666666668
3 0.4544270833333333 0.7096354166666666 0.014322916666666666 0.024739583333333332
1 0.58203125 0.6901041666666666 0.026041666666666668 0.041666666666666664
1 0.5768229166666666 0.7838541666666666 0.022135416666666668 0.036458333333333336
3 0.484375 0.6783854166666666 0.01171875 0.024739583333333332
3 0.5338541666666666 0.7044270833333334 0.015625 0.02734375
3 0.5 0.7369791666666666 0.014322916666666666 0.022135416666666668
1 0.61328125 0.7864583333333334 0.020833333333333332 0.03515625