2 0.5963541666666666 0.3151041666666667 0.07942708333333333 0.11588541666666667
4 0.5950520833333334 0.5598958333333334 0.022135416666666668 0.046875
4 0.68359375 0.60546875 0.0234375 0.041666666666666664
4 0.67578125 0.5091145833333334 0.024739583333333332 0.04296875
4 0.4869791666666667 0.60546875 0.020833333333333332 0.044270833333333336
4 0.7434895833333334 0.3359375 0.024739583333333332 0.041666666666666664
4 0.6419270833333334 0.6588541666666666 0.022135416666666668 0.0390625
0 0.8294270833333334 0.5846354166666666 0.09244791666666667 0.125
1 0.4192708333333333 0.79296875 0.022135416666666668 0.0390625
1 0.39453125 0.7591145833333334 0.020833333333333332 0.040364583333333336
1 0.42578125 0.6770833333333334 0.020833333333333332 0.040364583333333336
1 0.4348958333333333 0.75390625 0.022135416666666668 0.040364583333333336
3 0.5221354166666666 0.625 0.014322916666666666 0.024739583333333332
1 0.41015625 0.7174479166666666 0.022135416666666668 0.041666666666666664
1 0.453125 0.7083333333333334 0.022135416666666668 0.037760416666666664
3 0.57421875 0.73046875 0.014322916666666666 0.022135416666666668
3 0.5807291666666666 0.6666666666666666 0.015625 0.026041666666666668
3 0.5065104166666666 0.6888020833333334 0.013020833333333334 0.0234375
3 0.5533854166666666 0.6484375 0.014322916666666666 0.024739583333333332
3 0.5403645833333334 0.7135416666666666 0.014322916666666666 0.022135416666666668