2 0.5924479166666666 0.66796875 0.07682291666666667 0.09895833333333333
0 0.74609375 0.6419270833333334 0.09635416666666667 0.13802083333333334
4 0.4609375 0.625 0.022135416666666668 0.05078125
4 0.5143229166666666 0.6796875 0.024739583333333332 0.049479166666666664
4 0.4869791666666667 0.6223958333333334 0.024739583333333332 0.05078125
4 0.51171875 0.6263020833333334 0.0234375 0.049479166666666664
4 0.45703125 0.67578125 0.0234375 0.049479166666666664
4 0.48828125 0.6809895833333334 0.024739583333333332 0.048177083333333336
3 0.7122395833333334 0.40234375 0.018229166666666668 0.033854166666666664
3 0.7122395833333334 0.3385416666666667 0.01953125 0.03125
3 0.6783854166666666 0.4088541666666667 0.016927083333333332 0.029947916666666668
3 0.6471354166666666 0.4127604166666667 0.018229166666666668 0.03125
3 0.6666666666666666 0.34375 0.018229166666666668 0.033854166666666664