0 0.6953125 0.73828125 0.078125 0.13151041666666666
2 0.7799479166666666 0.37890625 0.07942708333333333 0.09505208333333333
4 0.65625 0.4765625 0.0234375 0.044270833333333336
4 0.6940104166666666 0.44140625 0.024739583333333332 0.041666666666666664
4 0.4700520833333333 0.3723958333333333 0.022135416666666668 0.044270833333333336
4 0.7057291666666666 0.5247395833333334 0.0234375 0.040364583333333336
3 0.51953125 0.6263020833333334 0.015625 0.028645833333333332
3 0.57421875 0.7291666666666666 0.015625 0.0234375
3 0.5833333333333334 0.6653645833333334 0.015625 0.029947916666666668
3 0.5065104166666666 0.6888020833333334 0.014322916666666666 0.0234375
1 0.4348958333333333 0.546875 0.01953125 0.036458333333333336
1 0.4622395833333333 0.5794270833333334 0.01953125 0.036458333333333336
1 0.4505208333333333 0.5104166666666666 0.01953125 0.041666666666666664
1 0.4231770833333333 0.5872395833333334 0.01953125 0.03515625
1 0.4778645833333333 0.5455729166666666 0.01953125 0.03515625
1 0.4505208333333333 0.6236979166666666 0.01953125 0.033854166666666664
3 0.5546875 0.6484375 0.014322916666666666 0.024739583333333332
3 0.5442708333333334 0.7174479166666666 0.013020833333333334 0.026041666666666668