4 0.5104166666666666 0.6223958333333334 0.024739583333333332 0.052083333333333336
4 0.4856770833333333 0.6171875 0.026041666666666668 0.052083333333333336
4 0.515625 0.6770833333333334 0.02734375 0.052083333333333336
4 0.48828125 0.6770833333333334 0.026041666666666668 0.05078125
4 0.4596354166666667 0.6197916666666666 0.0234375 0.049479166666666664
3 0.53515625 0.3580729166666667 0.016927083333333332 0.03125
3 0.6015625 0.35546875 0.016927083333333332 0.033854166666666664
3 0.53515625 0.42578125 0.016927083333333332 0.03125
4 0.4557291666666667 0.6731770833333334 0.026041666666666668 0.048177083333333336
3 0.60546875 0.4244791666666667 0.015625 0.032552083333333336
3 0.5703125 0.4231770833333333 0.018229166666666668 0.028645833333333332
2 0.59375 0.6575520833333334 0.07682291666666667 0.09505208333333333
3 0.56640625 0.3606770833333333 0.015625 0.028645833333333332
0 0.7447916666666666 0.4544270833333333 0.09244791666666667 0.15234375