4 0.58984375 0.5559895833333334 0.0234375 0.046875
4 0.6380208333333334 0.64453125 0.022135416666666668 0.044270833333333336
0 0.5625 0.3997395833333333 0.08463541666666667 0.13671875
4 0.5442708333333334 0.5572916666666666 0.020833333333333332 0.045572916666666664
4 0.4453125 0.5716145833333334 0.022135416666666668 0.044270833333333336
2 0.7486979166666666 0.2916666666666667 0.07552083333333333 0.140625
4 0.4830729166666667 0.6028645833333334 0.022135416666666668 0.04296875
4 0.7838541666666666 0.4908854166666667 0.024739583333333332 0.04296875
1 0.7330729166666666 0.7252604166666666 0.0234375 0.041666666666666664
1 0.7434895833333334 0.8216145833333334 0.024739583333333332 0.04296875
1 0.7044270833333334 0.7786458333333334 0.0234375 0.041666666666666664
1 0.703125 0.7278645833333334 0.0234375 0.040364583333333336
1 0.7369791666666666 0.7721354166666666 0.024739583333333332 0.041666666666666664
3 0.6106770833333334 0.7369791666666666 0.015625 0.026041666666666668
3 0.5872395833333334 0.7890625 0.015625 0.026041666666666668
1 0.7083333333333334 0.8294270833333334 0.028645833333333332 0.04296875
3 0.578125 0.6953125 0.015625 0.029947916666666668
3 0.5390625 0.79296875 0.014322916666666666 0.028645833333333332
3 0.5703125 0.8359375 0.014322916666666666 0.026041666666666668
3 0.5559895833333334 0.7421875 0.018229166666666668 0.03125