2 0.5638020833333334 0.73046875 0.057291666666666664 0.15625
3 0.4661458333333333 0.4661458333333333 0.018229166666666668 0.028645833333333332
3 0.40234375 0.4583333333333333 0.014322916666666666 0.02734375
3 0.4375 0.4622395833333333 0.014322916666666666 0.02734375
3 0.4635416666666667 0.5377604166666666 0.015625 0.024739583333333332
3 0.4322916666666667 0.53125 0.014322916666666666 0.024739583333333332
3 0.3984375 0.52734375 0.014322916666666666 0.026041666666666668
4 0.4856770833333333 0.60546875 0.022135416666666668 0.048177083333333336
4 0.5963541666666666 0.5598958333333334 0.0234375 0.046875
1 0.4700520833333333 0.7591145833333334 0.024739583333333332 0.044270833333333336
4 0.6770833333333334 0.5091145833333334 0.0234375 0.04296875
0 0.6536458333333334 0.3229166666666667 0.078125 0.13411458333333334
4 0.7552083333333334 0.4088541666666667 0.7604166666666666 0.4166666666666667 0.7604166666666666 0.4322916666666667 0.7578125 0.4348958333333333 0.7578125 0.4401041666666667 0.7526041666666666 0.4453125 0.7447916666666666 0.4453125 0.7447916666666666 0.4348958333333333 0.75 0.4270833333333333 0.75 0.421875 0.7552083333333334 0.4114583333333333
4 0.6328125 0.6744791666666666 0.6328125 0.6692708333333334 0.6302083333333334 0.6666666666666666 0.6302083333333334 0.6458333333333334 0.6354166666666666 0.6380208333333334 0.6432291666666666 0.6380208333333334 0.6484375 0.6432291666666666 0.6484375 0.6484375 0.6510416666666666 0.6510416666666666 0.6510416666666666 0.6666666666666666 0.6484375 0.671875 0.6432291666666666 0.6770833333333334 0.6380208333333334 0.6770833333333334 0.6354166666666666 0.6744791666666666
1 0.4140625 0.7955729166666666 0.01953125 0.0390625
1 0.4283854166666667 0.7552083333333334 0.0234375 0.03515625
1 0.4479166666666667 0.71875 0.0234375 0.041666666666666664
1 0.453125 0.79296875 0.0234375 0.041666666666666664
1 0.4361979166666667 0.828125 0.024739583333333332 0.0390625