4 0.5963541666666666 0.55859375 0.022135416666666668 0.045572916666666664
2 0.4596354166666667 0.4635416666666667 0.07161458333333333 0.15885416666666666
4 0.6770833333333334 0.5065104166666666 0.0234375 0.04296875
4 0.48828125 0.60546875 0.020833333333333332 0.048177083333333336
4 0.6848958333333334 0.6067708333333334 0.022135416666666668 0.040364583333333336
4 0.6432291666666666 0.66015625 0.022135416666666668 0.040364583333333336
1 0.4192708333333333 0.7916666666666666 0.022135416666666668 0.0390625
1 0.4348958333333333 0.7526041666666666 0.0234375 0.041666666666666664
1 0.39453125 0.7591145833333334 0.022135416666666668 0.0390625
1 0.42578125 0.6770833333333334 0.022135416666666668 0.040364583333333336
3 0.5221354166666666 0.625 0.014322916666666666 0.026041666666666668
1 0.41015625 0.71875 0.0234375 0.04296875
3 0.5807291666666666 0.6666666666666666 0.015625 0.02734375
3 0.5078125 0.6901041666666666 0.014322916666666666 0.0234375
3 0.5533854166666666 0.6484375 0.015625 0.024739583333333332
3 0.57421875 0.73046875 0.015625 0.0234375
1 0.453125 0.7109375 0.0234375 0.037760416666666664