0 0.7161458333333334 0.6471354166666666 0.08723958333333333 0.13411458333333334
2 0.5494791666666666 0.60546875 0.078125 0.09375
3 0.6419270833333334 0.40625 0.018229166666666668 0.03125
3 0.6015625 0.4192708333333333 0.022135416666666668 0.033854166666666664
3 0.5963541666666666 0.3580729166666667 0.016927083333333332 0.03125
3 0.6302083333333334 0.2890625 0.015625 0.03125
4 0.55859375 0.3567708333333333 0.02734375 0.046875
4 0.5234375 0.31640625 0.024739583333333332 0.044270833333333336
3 0.6354166666666666 0.3463541666666667 0.015625 0.032552083333333336
4 0.5520833333333334 0.30859375 0.0234375 0.048177083333333336
4 0.5325520833333334 0.4088541666666667 0.02734375 0.045572916666666664
4 0.5598958333333334 0.4049479166666667 0.0234375 0.045572916666666664
4 0.5299479166666666 0.3645833333333333 0.028645833333333332 0.040364583333333336
3 0.59375 0.296875 0.022135416666666668 0.0390625