2 0.7434895833333334 0.6901041666666666 0.08072916666666667 0.09375
4 0.6940104166666666 0.4440104166666667 0.024739583333333332 0.04296875
4 0.65625 0.4778645833333333 0.024739583333333332 0.04296875
4 0.5989583333333334 0.4869791666666667 0.022135416666666668 0.04296875
4 0.6510416666666666 0.35546875 0.0234375 0.04296875
0 0.6119791666666666 0.77734375 0.07682291666666667 0.12760416666666666
4 0.7044270833333334 0.52734375 0.022135416666666668 0.041666666666666664
3 0.5078125 0.5403645833333334 0.015625 0.024739583333333332
3 0.5065104166666666 0.4713541666666667 0.015625 0.024739583333333332
3 0.4427083333333333 0.5416666666666666 0.013020833333333334 0.0234375
3 0.4765625 0.5416666666666666 0.014322916666666666 0.020833333333333332
3 0.4440104166666667 0.4700520833333333 0.014322916666666666 0.0234375
3 0.4765625 0.47265625 0.013020833333333334 0.0234375
1 0.5546875 0.3723958333333333 0.01953125 0.036458333333333336
1 0.5533854166666666 0.2604166666666667 0.020833333333333332 0.041666666666666664
1 0.5677083333333334 0.3059895833333333 0.01953125 0.0390625
4 0.4700520833333333 0.3828125 0.015625 0.026041666666666668
1 0.5846354166666666 0.3424479166666667 0.01953125 0.03515625
1 0.5377604166666666 0.3346354166666667 0.01953125 0.03515625
1 0.5247395833333334 0.2942708333333333 0.022135416666666668 0.0390625