2 0.58984375 0.6692708333333334 0.07682291666666667 0.10026041666666667
0 0.7447916666666666 0.6432291666666666 0.09635416666666667 0.13802083333333334
4 0.5846354166666666 0.3684895833333333 0.024739583333333332 0.046875
4 0.5338541666666666 0.4270833333333333 0.0234375 0.049479166666666664
4 0.5885416666666666 0.4244791666666667 0.024739583333333332 0.049479166666666664
4 0.5611979166666666 0.4309895833333333 0.024739583333333332 0.048177083333333336
4 0.5325520833333334 0.37109375 0.0234375 0.044270833333333336
3 0.6432291666666666 0.3411458333333333 0.018229166666666668 0.028645833333333332
3 0.71484375 0.4036458333333333 0.015625 0.03515625
4 0.5572916666666666 0.3684895833333333 0.022135416666666668 0.044270833333333336
3 0.6458333333333334 0.4127604166666667 0.016927083333333332 0.029947916666666668