2 0.7408854166666666 0.69140625 0.08203125 0.09505208333333333
0 0.6106770833333334 0.7734375 0.078125 0.13411458333333334
4 0.7265625 0.4231770833333333 0.0234375 0.045572916666666664
3 0.4895833333333333 0.421875 0.014322916666666666 0.026041666666666668
4 0.7239583333333334 0.3697916666666667 0.024739583333333332 0.045572916666666664
3 0.5208333333333334 0.35546875 0.013020833333333334 0.026041666666666668
4 0.7838541666666666 0.4244791666666667 0.024739583333333332 0.045572916666666664
4 0.7825520833333334 0.3736979166666667 0.026041666666666668 0.044270833333333336
4 0.7565104166666666 0.37109375 0.022135416666666668 0.044270833333333336
3 0.4895833333333333 0.3528645833333333 0.014322916666666666 0.02734375
3 0.4544270833333333 0.4205729166666667 0.014322916666666666 0.026041666666666668
3 0.5234375 0.4231770833333333 0.014322916666666666 0.028645833333333332
4 0.7565104166666666 0.4244791666666667 0.022135416666666668 0.044270833333333336
1 0.6731770833333334 0.3411458333333333 0.022135416666666668 0.041666666666666664
1 0.6197916666666666 0.3424479166666667 0.0234375 0.046875
1 0.6197916666666666 0.40234375 0.0234375 0.044270833333333336
1 0.64453125 0.3997395833333333 0.026041666666666668 0.04296875
1 0.6731770833333334 0.3958333333333333 0.022135416666666668 0.040364583333333336
1 0.6432291666666666 0.34375 0.022135416666666668 0.04296875
3 0.453125 0.3502604166666667 0.018229166666666668 0.03125