4 0.57421875 0.3580729166666667 0.026041666666666668 0.052083333333333336
4 0.62890625 0.3541666666666667 0.02734375 0.048177083333333336
4 0.6015625 0.3567708333333333 0.02734375 0.046875
4 0.5729166666666666 0.3046875 0.024739583333333332 0.048177083333333336
4 0.59765625 0.30078125 0.024739583333333332 0.044270833333333336
0 0.734375 0.4583333333333333 0.08203125 0.125
4 0.6263020833333334 0.2994791666666667 0.0234375 0.046875
3 0.6145833333333334 0.46484375 0.016927083333333332 0.032552083333333336
3 0.5651041666666666 0.5716145833333334 0.018229166666666668 0.03125
2 0.5390625 0.65625 0.078125 0.09895833333333333
3 0.5520833333333334 0.5052083333333334 0.015625 0.024739583333333332
3 0.5833333333333334 0.484375 0.014322916666666666 0.0234375
3 0.5989583333333334 0.5494791666666666 0.014322916666666666 0.0234375
3 0.62890625 0.52734375 0.014322916666666666 0.029947916666666668