4 0.78515625 0.3697916666666667 0.0234375 0.045572916666666664
4 0.7239583333333334 0.3671875 0.024739583333333332 0.045572916666666664
2 0.7421875 0.6888020833333334 0.08203125 0.09635416666666667
4 0.7265625 0.421875 0.0234375 0.045572916666666664
3 0.44140625 0.46875 0.018229166666666668 0.028645833333333332
4 0.7799479166666666 0.4231770833333333 0.024739583333333332 0.0390625
3 0.5065104166666666 0.4700520833333333 0.016927083333333332 0.028645833333333332
3 0.4752604166666667 0.46875 0.018229166666666668 0.028645833333333332
4 0.75390625 0.4244791666666667 0.022135416666666668 0.0390625
3 0.4375 0.5390625 0.014322916666666666 0.022135416666666668
4 0.7552083333333334 0.3684895833333333 0.026041666666666668 0.044270833333333336
3 0.47265625 0.5403645833333334 0.016927083333333332 0.024739583333333332
3 0.5065104166666666 0.5377604166666666 0.014322916666666666 0.026041666666666668
0 0.6119791666666666 0.7799479166666666 0.08203125 0.14192708333333334
1 0.6197916666666666 0.33984375 0.024739583333333332 0.049479166666666664
1 0.6458333333333334 0.3450520833333333 0.024739583333333332 0.040364583333333336
1 0.671875 0.3411458333333333 0.026041666666666668 0.046875
1 0.6184895833333334 0.3997395833333333 0.022135416666666668 0.0390625
1 0.6458333333333334 0.3971354166666667 0.024739583333333332 0.044270833333333336
1 0.6731770833333334 0.3971354166666667 0.026041666666666668 0.041666666666666664