2 0.48046875 0.3880208333333333 0.055989583333333336 0.13411458333333334
4 0.6119791666666666 0.6536458333333334 0.026041666666666668 0.053385416666666664
0 0.7630208333333334 0.6197916666666666 0.08333333333333333 0.12890625
4 0.6432291666666666 0.640625 0.024739583333333332 0.052083333333333336
4 0.6393229166666666 0.58984375 0.0234375 0.048177083333333336
4 0.5846354166666666 0.6536458333333334 0.024739583333333332 0.055989583333333336
4 0.6119791666666666 0.5911458333333334 0.022135416666666668 0.048177083333333336
4 0.5846354166666666 0.59375 0.0234375 0.045572916666666664
3 0.4739583333333333 0.63671875 0.010416666666666666 0.01953125
3 0.46875 0.5690104166666666 0.01171875 0.018229166666666668
3 0.5013020833333334 0.5572916666666666 0.013020833333333334 0.020833333333333332
3 0.53515625 0.5455729166666666 0.014322916666666666 0.026041666666666668
3 0.5442708333333334 0.6106770833333334 0.013020833333333334 0.022135416666666668
3 0.5091145833333334 0.6263020833333334 0.01171875 0.018229166666666668