0 0.6940104166666666 0.73828125 0.07942708333333333 0.13151041666666666
2 0.7799479166666666 0.37890625 0.078125 0.09505208333333333
4 0.6002604166666666 0.4856770833333333 0.0234375 0.044270833333333336
4 0.6953125 0.4427083333333333 0.024739583333333332 0.041666666666666664
4 0.6575520833333334 0.4765625 0.024739583333333332 0.044270833333333336
4 0.7057291666666666 0.5247395833333334 0.0234375 0.041666666666666664
4 0.4739583333333333 0.3723958333333333 0.018229166666666668 0.04296875
4 0.6549479166666666 0.359375 0.01953125 0.0390625
3 0.5208333333333334 0.6263020833333334 0.015625 0.02734375
1 0.4765625 0.5442708333333334 0.01953125 0.03515625
1 0.4231770833333333 0.58984375 0.020833333333333332 0.036458333333333336
3 0.57421875 0.7291666666666666 0.015625 0.0234375
1 0.4622395833333333 0.5794270833333334 0.020833333333333332 0.036458333333333336
1 0.4375 0.5494791666666666 0.020833333333333332 0.036458333333333336
3 0.5833333333333334 0.6666666666666666 0.015625 0.029947916666666668
3 0.5065104166666666 0.6888020833333334 0.014322916666666666 0.0234375
1 0.44921875 0.6223958333333334 0.020833333333333332 0.03515625
1 0.4505208333333333 0.51171875 0.01953125 0.040364583333333336
3 0.5546875 0.6471354166666666 0.015625 0.024739583333333332
3 0.5455729166666666 0.7161458333333334 0.013020833333333334 0.026041666666666668