0 0.7643229166666666 0.6236979166666666 0.07942708333333333 0.13932291666666666
4 0.6380208333333334 0.36328125 0.024739583333333332 0.046875
4 0.6041666666666666 0.3671875 0.024739583333333332 0.045572916666666664
4 0.6106770833333334 0.4635416666666667 0.02734375 0.044270833333333336
4 0.6432291666666666 0.4583333333333333 0.024739583333333332 0.046875
4 0.6393229166666666 0.4088541666666667 0.02734375 0.045572916666666664
4 0.60546875 0.4166666666666667 0.028645833333333332 0.044270833333333336
3 0.6302083333333334 0.55078125 0.01953125 0.029947916666666668
3 0.5651041666666666 0.5533854166666666 0.018229166666666668 0.029947916666666668
3 0.59765625 0.6223958333333334 0.016927083333333332 0.02734375
3 0.5638020833333334 0.6236979166666666 0.020833333333333332 0.03125
3 0.6328125 0.6223958333333334 0.018229166666666668 0.024739583333333332
2 0.4713541666666667 0.4049479166666667 0.0546875 0.13932291666666666
3 0.59765625 0.5572916666666666 0.014322916666666666 0.024739583333333332