2 0.55859375 0.7239583333333334 0.06380208333333333 0.15755208333333334
3 0.3984375 0.4557291666666667 0.014322916666666666 0.02734375
3 0.4622395833333333 0.4635416666666667 0.016927083333333332 0.02734375
3 0.4322916666666667 0.4596354166666667 0.014322916666666666 0.02734375
4 0.5911458333333334 0.5546875 0.0234375 0.049479166666666664
4 0.48046875 0.6002604166666666 0.0234375 0.046875
3 0.3932291666666667 0.5247395833333334 0.015625 0.02734375
3 0.42578125 0.5286458333333334 0.015625 0.026041666666666668
3 0.4596354166666667 0.5338541666666666 0.016927083333333332 0.02734375
4 0.63671875 0.6536458333333334 0.0234375 0.048177083333333336
4 0.64453125 0.5338541666666666 0.022135416666666668 0.045572916666666664
4 0.4348958333333333 0.3020833333333333 0.4401041666666667 0.3098958333333333 0.4401041666666667 0.3411458333333333 0.4348958333333333 0.34375 0.4296875 0.34375 0.421875 0.3333333333333333 0.421875 0.3125 0.4244791666666667 0.3072916666666667 0.4296875 0.3020833333333333 0.4322916666666667 0.3020833333333333
0 0.60546875 0.3567708333333333 0.08072916666666667 0.13541666666666666
1 0.4427083333333333 0.7161458333333334 0.022135416666666668 0.036458333333333336
1 0.4661458333333333 0.75 0.0234375 0.03515625
1 0.4231770833333333 0.7526041666666666 0.022135416666666668 0.040364583333333336
1 0.4479166666666667 0.7890625 0.029947916666666668 0.045572916666666664
1 0.4075520833333333 0.7916666666666666 0.0234375 0.041666666666666664
1 0.4322916666666667 0.828125 0.022135416666666668 0.032552083333333336