2 0.5625 0.7174479166666666 0.06640625 0.16276041666666666
4 0.48046875 0.6015625 0.020833333333333332 0.045572916666666664
3 0.4596354166666667 0.53515625 0.015625 0.02734375
3 0.4622395833333333 0.46484375 0.014322916666666666 0.02734375
3 0.3984375 0.4583333333333333 0.014322916666666666 0.02734375
4 0.5911458333333334 0.5559895833333334 0.022135416666666668 0.046875
3 0.4283854166666667 0.5299479166666666 0.015625 0.026041666666666668
3 0.43359375 0.4622395833333333 0.014322916666666666 0.024739583333333332
3 0.39453125 0.5247395833333334 0.015625 0.02734375
1 0.4518229166666667 0.7903645833333334 0.022135416666666668 0.04296875
1 0.4453125 0.7135416666666666 0.01953125 0.040364583333333336
1 0.43359375 0.8294270833333334 0.022135416666666668 0.037760416666666664
1 0.4674479166666667 0.7513020833333334 0.022135416666666668 0.0390625
1 0.41015625 0.79296875 0.022135416666666668 0.0390625
4 0.6432291666666666 0.6575520833333334 0.016927083333333332 0.037760416666666664
1 0.4231770833333333 0.7526041666666666 0.026041666666666668 0.0390625