2 0.7265625 0.33203125 0.061197916666666664 0.140625
4 0.5911458333333334 0.5559895833333334 0.0234375 0.045572916666666664
4 0.6393229166666666 0.65625 0.0234375 0.04296875
4 0.5442708333333334 0.5572916666666666 0.020833333333333332 0.045572916666666664
4 0.4830729166666667 0.6028645833333334 0.022135416666666668 0.046875
4 0.4453125 0.5716145833333334 0.022135416666666668 0.046875
0 0.5611979166666666 0.3997395833333333 0.07942708333333333 0.13541666666666666
4 0.78515625 0.5026041666666666 0.022135416666666668 0.0390625
1 0.61328125 0.7877604166666666 0.0234375 0.0390625
1 0.6119791666666666 0.7356770833333334 0.022135416666666668 0.0390625
3 0.5065104166666666 0.6471354166666666 0.014322916666666666 0.026041666666666668
1 0.61328125 0.69140625 0.020833333333333332 0.0390625
1 0.58203125 0.7356770833333334 0.020833333333333332 0.0390625
1 0.578125 0.7864583333333334 0.022135416666666668 0.033854166666666664
1 0.5872395833333334 0.6888020833333334 0.01953125 0.037760416666666664
3 0.4544270833333333 0.7096354166666666 0.014322916666666666 0.026041666666666668
3 0.4752604166666667 0.77734375 0.014322916666666666 0.022135416666666668
3 0.5338541666666666 0.7057291666666666 0.016927083333333332 0.02734375
3 0.4830729166666667 0.6783854166666666 0.013020833333333334 0.024739583333333332
3 0.5 0.73828125 0.014322916666666666 0.0234375