0 0.6315104166666666 0.3346354166666667 0.08463541666666667 0.14192708333333334
4 0.5963541666666666 0.5598958333333334 0.0234375 0.045572916666666664
4 0.4869791666666667 0.60546875 0.020833333333333332 0.045572916666666664
4 0.6783854166666666 0.50390625 0.022135416666666668 0.041666666666666664
4 0.640625 0.6588541666666666 0.0234375 0.044270833333333336
2 0.5638020833333334 0.7317708333333334 0.061197916666666664 0.15625
4 0.75 0.4270833333333333 0.024739583333333332 0.041666666666666664
3 0.4674479166666667 0.4674479166666667 0.016927083333333332 0.02734375
3 0.46484375 0.5377604166666666 0.014322916666666666 0.024739583333333332
3 0.4388020833333333 0.4622395833333333 0.014322916666666666 0.026041666666666668
3 0.4049479166666667 0.4596354166666667 0.013020833333333334 0.02734375
3 0.4348958333333333 0.5325520833333334 0.014322916666666666 0.024739583333333332
3 0.3997395833333333 0.5286458333333334 0.014322916666666666 0.026041666666666668
1 0.4505208333333333 0.71484375 0.020833333333333332 0.040364583333333336
1 0.4765625 0.7565104166666666 0.01953125 0.0390625
1 0.4375 0.8307291666666666 0.020833333333333332 0.0390625
1 0.4296875 0.7565104166666666 0.0234375 0.040364583333333336
1 0.4140625 0.7942708333333334 0.020833333333333332 0.0390625
1 0.4544270833333333 0.7916666666666666 0.020833333333333332 0.040364583333333336