2 0.4713541666666667 0.4036458333333333 0.053385416666666664 0.13671875
0 0.76171875 0.62109375 0.0859375 0.13151041666666666
4 0.6119791666666666 0.6536458333333334 0.026041666666666668 0.053385416666666664
4 0.6432291666666666 0.640625 0.024739583333333332 0.0546875
4 0.5859375 0.6549479166666666 0.024739583333333332 0.055989583333333336
4 0.6106770833333334 0.5911458333333334 0.022135416666666668 0.046875
4 0.63671875 0.58984375 0.022135416666666668 0.048177083333333336
3 0.4817708333333333 0.6432291666666666 0.014322916666666666 0.0234375
4 0.5924479166666666 0.59375 0.024739583333333332 0.046875
3 0.546875 0.5963541666666666 0.015625 0.029947916666666668
3 0.4674479166666667 0.5807291666666666 0.013020833333333334 0.0234375
3 0.5325520833333334 0.5364583333333334 0.018229166666666668 0.033854166666666664
3 0.515625 0.62109375 0.013020833333333334 0.0234375
3 0.4986979166666667 0.5533854166666666 0.013020833333333334 0.0234375