2 0.5911458333333334 0.6614583333333334 0.08203125 0.09765625
0 0.7356770833333334 0.45703125 0.078125 0.12109375
4 0.5104166666666666 0.5130208333333334 0.02734375 0.05078125
4 0.484375 0.5169270833333334 0.026041666666666668 0.049479166666666664
4 0.5026041666666666 0.4557291666666667 0.024739583333333332 0.045572916666666664
4 0.4518229166666667 0.5169270833333334 0.026041666666666668 0.048177083333333336
4 0.4505208333333333 0.4583333333333333 0.0234375 0.05078125
3 0.5533854166666666 0.4674479166666667 0.016927083333333332 0.029947916666666668
3 0.62109375 0.4674479166666667 0.015625 0.029947916666666668
4 0.4765625 0.4596354166666667 0.0234375 0.045572916666666664
3 0.5546875 0.53515625 0.015625 0.028645833333333332
3 0.5885416666666666 0.4674479166666667 0.015625 0.028645833333333332
3 0.5885416666666666 0.5377604166666666 0.015625 0.026041666666666668
3 0.6223958333333334 0.53515625 0.016927083333333332 0.028645833333333332