0 0.7604166666666666 0.6184895833333334 0.08723958333333333 0.12890625
4 0.6393229166666666 0.58984375 0.024739583333333332 0.05078125
4 0.6419270833333334 0.6432291666666666 0.02734375 0.053385416666666664
4 0.58203125 0.5924479166666666 0.026041666666666668 0.049479166666666664
4 0.5833333333333334 0.6549479166666666 0.026041666666666668 0.05859375
3 0.46875 0.4453125 0.016927083333333332 0.03125
4 0.6106770833333334 0.5885416666666666 0.026041666666666668 0.048177083333333336
3 0.53515625 0.3736979166666667 0.018229166666666668 0.029947916666666668
4 0.6119791666666666 0.65234375 0.02734375 0.052083333333333336
3 0.5390625 0.44140625 0.016927083333333332 0.033854166666666664
3 0.5065104166666666 0.4440104166666667 0.01171875 0.029947916666666668
3 0.4674479166666667 0.37890625 0.013020833333333334 0.02734375
3 0.5026041666666666 0.3763020833333333 0.01171875 0.0234375
2 0.60546875 0.375 0.06640625 0.14192708333333334