2 0.6145833333333334 0.3580729166666667 0.06380208333333333 0.1484375
0 0.7630208333333334 0.6184895833333334 0.08463541666666667 0.13020833333333334
4 0.6119791666666666 0.65234375 0.026041666666666668 0.052083333333333336
4 0.6106770833333334 0.5911458333333334 0.024739583333333332 0.049479166666666664
4 0.6419270833333334 0.640625 0.026041666666666668 0.052083333333333336
4 0.6393229166666666 0.58984375 0.0234375 0.049479166666666664
4 0.5833333333333334 0.5924479166666666 0.0234375 0.048177083333333336
4 0.5833333333333334 0.6536458333333334 0.026041666666666668 0.055989583333333336
3 0.4700520833333333 0.4713541666666667 0.014322916666666666 0.02734375
3 0.5364583333333334 0.4010416666666667 0.015625 0.028645833333333332
3 0.5364583333333334 0.4674479166666667 0.016927083333333332 0.029947916666666668
3 0.4661458333333333 0.4036458333333333 0.013020833333333334 0.02734375
3 0.5013020833333334 0.40234375 0.015625 0.026041666666666668
3 0.5026041666666666 0.4700520833333333 0.015625 0.02734375