2 0.5546875 0.62890625 0.08072916666666667 0.09635416666666667
0 0.7447916666666666 0.6432291666666666 0.09375 0.13671875
4 0.5846354166666666 0.3684895833333333 0.024739583333333332 0.045572916666666664
4 0.5338541666666666 0.37109375 0.026041666666666668 0.044270833333333336
4 0.5338541666666666 0.4283854166666667 0.024739583333333332 0.048177083333333336
4 0.58984375 0.4244791666666667 0.024739583333333332 0.046875
4 0.5572916666666666 0.3684895833333333 0.0234375 0.044270833333333336
4 0.5611979166666666 0.43359375 0.024739583333333332 0.046875
3 0.7109375 0.40625 0.018229166666666668 0.03125
3 0.6432291666666666 0.34375 0.018229166666666668 0.028645833333333332
3 0.7096354166666666 0.3372395833333333 0.020833333333333332 0.029947916666666668
3 0.6796875 0.41015625 0.016927083333333332 0.028645833333333332
3 0.6471354166666666 0.4127604166666667 0.01953125 0.03125
3 0.6783854166666666 0.33984375 0.018229166666666668 0.028645833333333332