2 0.7721354166666666 0.6744791666666666 0.07552083333333333 0.09895833333333333
0 0.6119791666666666 0.7786458333333334 0.07682291666666667 0.1328125
4 0.65625 0.4778645833333333 0.024739583333333332 0.04296875
4 0.4713541666666667 0.3723958333333333 0.020833333333333332 0.044270833333333336
4 0.6510416666666666 0.3541666666666667 0.0234375 0.04296875
4 0.7057291666666666 0.52734375 0.0234375 0.04296875
4 0.6940104166666666 0.4427083333333333 0.024739583333333332 0.044270833333333336
4 0.5989583333333334 0.4869791666666667 0.0234375 0.04296875
3 0.5078125 0.5403645833333334 0.015625 0.024739583333333332
3 0.5052083333333334 0.4713541666666667 0.015625 0.0234375
3 0.4440104166666667 0.4700520833333333 0.015625 0.024739583333333332
3 0.4765625 0.4713541666666667 0.014322916666666666 0.0234375
3 0.4752604166666667 0.5416666666666666 0.014322916666666666 0.020833333333333332
3 0.4427083333333333 0.5416666666666666 0.014322916666666666 0.0234375
1 0.5533854166666666 0.3723958333333333 0.022135416666666668 0.0390625
1 0.5364583333333334 0.33203125 0.024739583333333332 0.04296875
1 0.58203125 0.3450520833333333 0.0234375 0.03515625