0 0.7669270833333334 0.62109375 0.08203125 0.14322916666666666
3 0.5729166666666666 0.3541666666666667 0.024739583333333332 0.046875
3 0.625 0.40625 0.026041666666666668 0.053385416666666664
2 0.5651041666666666 0.5546875 0.018229166666666668 0.032552083333333336
3 0.5729166666666666 0.41015625 0.026041666666666668 0.046875
1 0.4752604166666667 0.5559895833333334 0.07421875 0.09505208333333333
2 0.6302083333333334 0.5533854166666666 0.01953125 0.03125
3 0.6002604166666666 0.4075520833333333 0.026041666666666668 0.05078125
3 0.59765625 0.3515625 0.022135416666666668 0.046875
2 0.5651041666666666 0.6236979166666666 0.020833333333333332 0.029947916666666668
3 0.62109375 0.3580729166666667 0.024739583333333332 0.046875
2 0.5989583333333334 0.6236979166666666 0.018229166666666668 0.026041666666666668
2 0.59765625 0.5559895833333334 0.016927083333333332 0.029947916666666668
2 0.6328125 0.6236979166666666 0.020833333333333332 0.028645833333333332