2 0.7408854166666666 0.69140625 0.08203125 0.09505208333333333
0 0.6119791666666666 0.7747395833333334 0.078125 0.13151041666666666
4 0.7838541666666666 0.3723958333333333 0.026041666666666668 0.045572916666666664
3 0.5078125 0.5390625 0.015625 0.026041666666666668
4 0.7252604166666666 0.3697916666666667 0.024739583333333332 0.046875
3 0.44140625 0.5403645833333334 0.014322916666666666 0.0234375
3 0.4739583333333333 0.5403645833333334 0.014322916666666666 0.022135416666666668
4 0.7278645833333334 0.4231770833333333 0.0234375 0.044270833333333336
3 0.5052083333333334 0.4700520833333333 0.015625 0.026041666666666668
4 0.7565104166666666 0.4244791666666667 0.022135416666666668 0.044270833333333336
4 0.7838541666666666 0.4244791666666667 0.024739583333333332 0.045572916666666664
3 0.44140625 0.46875 0.015625 0.026041666666666668
3 0.4752604166666667 0.4700520833333333 0.014322916666666666 0.024739583333333332
4 0.7565104166666666 0.3697916666666667 0.024739583333333332 0.044270833333333336
1 0.5442708333333334 0.3229166666666667 0.020833333333333332 0.037760416666666664
1 0.5677083333333334 0.2786458333333333 0.01953125 0.0390625
1 0.5859375 0.3151041666666667 0.018229166666666668 0.036458333333333336
1 0.5625 0.3528645833333333 0.01953125 0.041666666666666664
1 0.60546875 0.3502604166666667 0.022135416666666668 0.041666666666666664
1 0.5807291666666666 0.3880208333333333 0.018229166666666668 0.03515625