2 0.5885416666666666 0.66796875 0.08203125 0.10286458333333333
0 0.74609375 0.64453125 0.09375 0.13541666666666666
4 0.5208333333333334 0.4479166666666667 0.024739583333333332 0.046875
4 0.5169270833333334 0.3932291666666667 0.022135416666666668 0.045572916666666664
3 0.7109375 0.3385416666666667 0.01953125 0.029947916666666668
3 0.6432291666666666 0.34375 0.016927083333333332 0.028645833333333332
4 0.5677083333333334 0.375 0.022135416666666668 0.046875
3 0.7109375 0.4036458333333333 0.018229166666666668 0.033854166666666664
4 0.57421875 0.4283854166666667 0.0234375 0.046875
3 0.6783854166666666 0.41015625 0.016927083333333332 0.028645833333333332
4 0.5494791666666666 0.44140625 0.0234375 0.048177083333333336
3 0.6471354166666666 0.4127604166666667 0.018229166666666668 0.03125
3 0.67578125 0.33984375 0.016927083333333332 0.029947916666666668
4 0.5416666666666666 0.3854166666666667 0.022135416666666668 0.04296875