2 0.4713541666666667 0.4036458333333333 0.0546875 0.140625
0 0.7604166666666666 0.6197916666666666 0.08984375 0.13020833333333334
4 0.6184895833333334 0.5559895833333334 0.024739583333333332 0.046875
4 0.5911458333333334 0.5208333333333334 0.0234375 0.044270833333333336
4 0.6328125 0.515625 0.026041666666666668 0.045572916666666664
3 0.4869791666666667 0.6432291666666666 0.014322916666666666 0.026041666666666668
4 0.65234375 0.4739583333333333 0.024739583333333332 0.045572916666666664
3 0.4752604166666667 0.5768229166666666 0.014322916666666666 0.024739583333333332
3 0.5546875 0.6119791666666666 0.014322916666666666 0.024739583333333332
4 0.625 0.4479166666666667 0.024739583333333332 0.045572916666666664
3 0.5104166666666666 0.5598958333333334 0.014322916666666666 0.026041666666666668
4 0.6080729166666666 0.4830729166666667 0.02734375 0.044270833333333336
3 0.51953125 0.62890625 0.014322916666666666 0.0234375
3 0.5442708333333334 0.5455729166666666 0.013020833333333334 0.024739583333333332