2 0.7786458333333334 0.37890625 0.08072916666666667 0.09635416666666667
0 0.6927083333333334 0.7356770833333334 0.08072916666666667 0.12890625
4 0.6002604166666666 0.4856770833333333 0.0234375 0.04296875
4 0.6510416666666666 0.3567708333333333 0.0234375 0.044270833333333336
4 0.65625 0.4778645833333333 0.024739583333333332 0.044270833333333336
4 0.6953125 0.4427083333333333 0.026041666666666668 0.04296875
4 0.4700520833333333 0.37109375 0.022135416666666668 0.045572916666666664
3 0.5091145833333334 0.5403645833333334 0.015625 0.026041666666666668
4 0.7057291666666666 0.5247395833333334 0.0234375 0.041666666666666664
3 0.4791666666666667 0.5416666666666666 0.014322916666666666 0.022135416666666668
3 0.5052083333333334 0.4713541666666667 0.015625 0.024739583333333332
3 0.4778645833333333 0.4700520833333333 0.013020833333333334 0.022135416666666668
3 0.4440104166666667 0.4700520833333333 0.014322916666666666 0.026041666666666668
1 0.56640625 0.3033854166666667 0.022135416666666668 0.04296875
1 0.5833333333333334 0.3424479166666667 0.020833333333333332 0.0390625
3 0.4453125 0.5403645833333334 0.013020833333333334 0.0234375
1 0.5533854166666666 0.3723958333333333 0.020833333333333332 0.0390625
1 0.54296875 0.33203125 0.020833333333333332 0.037760416666666664
1 0.5533854166666666 0.2565104166666667 0.022135416666666668 0.041666666666666664
1 0.52734375 0.2942708333333333 0.0234375 0.040364583333333336