0 0.7604166666666666 0.6184895833333334 0.0859375 0.13020833333333334
4 0.6432291666666666 0.4609375 0.026041666666666668 0.045572916666666664
4 0.609375 0.4635416666666667 0.02734375 0.046875
2 0.4505208333333333 0.53125 0.053385416666666664 0.14583333333333334
4 0.6028645833333334 0.3684895833333333 0.024739583333333332 0.048177083333333336
4 0.6393229166666666 0.3671875 0.026041666666666668 0.048177083333333336
3 0.5651041666666666 0.625 0.020833333333333332 0.03125
3 0.5638020833333334 0.5520833333333334 0.018229166666666668 0.03125
4 0.6041666666666666 0.4192708333333333 0.028645833333333332 0.04296875
4 0.6380208333333334 0.4114583333333333 0.029947916666666668 0.044270833333333336
3 0.62890625 0.55078125 0.018229166666666668 0.032552083333333336
3 0.59765625 0.6223958333333334 0.016927083333333332 0.02734375
3 0.59765625 0.5520833333333334 0.016927083333333332 0.029947916666666668
3 0.6315104166666666 0.62109375 0.018229166666666668 0.029947916666666668