0 0.6979166666666666 0.7369791666666666 0.08072916666666667 0.13151041666666666
4 0.42578125 0.3971354166666667 0.022135416666666668 0.04296875
4 0.4700520833333333 0.3723958333333333 0.020833333333333332 0.04296875
4 0.5325520833333334 0.5390625 0.020833333333333332 0.044270833333333336
1 0.4505208333333333 0.5078125 0.01953125 0.0390625
3 0.5221354166666666 0.6263020833333334 0.014322916666666666 0.026041666666666668
3 0.5065104166666666 0.6888020833333334 0.013020833333333334 0.0234375
3 0.5755208333333334 0.73046875 0.015625 0.0234375
3 0.5533854166666666 0.6471354166666666 0.014322916666666666 0.0234375
1 0.44921875 0.6263020833333334 0.018229166666666668 0.032552083333333336
3 0.5833333333333334 0.66796875 0.014322916666666666 0.02734375
1 0.421875 0.5872395833333334 0.018229166666666668 0.033854166666666664
1 0.48046875 0.5455729166666666 0.020833333333333332 0.03515625
1 0.4635416666666667 0.5807291666666666 0.01953125 0.033854166666666664
1 0.4401041666666667 0.546875 0.01953125 0.037760416666666664
3 0.5377604166666666 0.7109375 0.014322916666666666 0.032552083333333336