2 0.7408854166666666 0.69140625 0.08203125 0.09635416666666667
0 0.6106770833333334 0.7721354166666666 0.07942708333333333 0.13541666666666666
4 0.7825520833333334 0.3736979166666667 0.026041666666666668 0.044270833333333336
4 0.7265625 0.4231770833333333 0.0234375 0.045572916666666664
4 0.7239583333333334 0.3697916666666667 0.024739583333333332 0.045572916666666664
3 0.4895833333333333 0.421875 0.015625 0.02734375
3 0.4544270833333333 0.4205729166666667 0.015625 0.02734375
3 0.4583333333333333 0.3515625 0.015625 0.028645833333333332
4 0.7552083333333334 0.37109375 0.022135416666666668 0.045572916666666664
3 0.5221354166666666 0.3541666666666667 0.016927083333333332 0.02734375
3 0.5234375 0.4231770833333333 0.015625 0.028645833333333332
3 0.4921875 0.3528645833333333 0.014322916666666666 0.029947916666666668
4 0.78125 0.4244791666666667 0.0234375 0.045572916666666664
1 0.6744791666666666 0.3385416666666667 0.022135416666666668 0.040364583333333336
1 0.6184895833333334 0.3385416666666667 0.022135416666666668 0.041666666666666664
4 0.7565104166666666 0.4244791666666667 0.0234375 0.044270833333333336
1 0.62109375 0.40234375 0.024739583333333332 0.044270833333333336
1 0.671875 0.3971354166666667 0.022135416666666668 0.0390625
1 0.6458333333333334 0.3411458333333333 0.022135416666666668 0.0390625
1 0.6432291666666666 0.3984375 0.024739583333333332 0.0390625