0 0.7473958333333334 0.64453125 0.09765625 0.13411458333333334
4 0.5104166666666666 0.6263020833333334 0.026041666666666668 0.049479166666666664
3 0.5377604166666666 0.36328125 0.015625 0.029947916666666668
3 0.6067708333333334 0.3645833333333333 0.015625 0.032552083333333336
4 0.4856770833333333 0.62109375 0.024739583333333332 0.05078125
4 0.5143229166666666 0.6809895833333334 0.026041666666666668 0.05078125
3 0.6080729166666666 0.43359375 0.015625 0.033854166666666664
4 0.4856770833333333 0.6809895833333334 0.026041666666666668 0.049479166666666664
3 0.5377604166666666 0.4309895833333333 0.016927083333333332 0.033854166666666664
4 0.4596354166666667 0.6236979166666666 0.0234375 0.049479166666666664
4 0.4557291666666667 0.67578125 0.026041666666666668 0.049479166666666664
3 0.5729166666666666 0.4322916666666667 0.018229166666666668 0.029947916666666668
2 0.5924479166666666 0.6653645833333334 0.07682291666666667 0.09635416666666667
3 0.5690104166666666 0.3606770833333333 0.015625 0.0234375