2 0.58984375 0.6692708333333334 0.07682291666666667 0.09244791666666667
0 0.7434895833333334 0.6419270833333334 0.1015625 0.140625
4 0.5325520833333334 0.37109375 0.026041666666666668 0.045572916666666664
4 0.55859375 0.3697916666666667 0.0234375 0.045572916666666664
4 0.5859375 0.3658854166666667 0.026041666666666668 0.046875
4 0.53125 0.4270833333333333 0.024739583333333332 0.052083333333333336
4 0.5611979166666666 0.43359375 0.026041666666666668 0.040364583333333336
4 0.5885416666666666 0.4244791666666667 0.020833333333333332 0.048177083333333336
3 0.64453125 0.3372395833333333 0.016927083333333332 0.03125
3 0.6458333333333334 0.4088541666666667 0.016927083333333332 0.032552083333333336
3 0.7161458333333334 0.40234375 0.013020833333333334 0.033854166666666664