2 0.7291666666666666 0.33203125 0.0625 0.14192708333333334
0 0.60546875 0.359375 0.08072916666666667 0.140625
4 0.5911458333333334 0.5559895833333334 0.0234375 0.045572916666666664
4 0.6458333333333334 0.5325520833333334 0.0234375 0.044270833333333336
4 0.6393229166666666 0.6536458333333334 0.0234375 0.040364583333333336
4 0.484375 0.3606770833333333 0.020833333333333332 0.04296875
1 0.5807291666666666 0.7330729166666666 0.022135416666666668 0.040364583333333336
1 0.6106770833333334 0.7356770833333334 0.0234375 0.041666666666666664
4 0.484375 0.6041666666666666 0.01953125 0.045572916666666664
1 0.61328125 0.69140625 0.022135416666666668 0.041666666666666664
1 0.5859375 0.6888020833333334 0.020833333333333332 0.041666666666666664
1 0.57421875 0.7825520833333334 0.01953125 0.036458333333333336
3 0.4453125 0.68359375 0.014322916666666666 0.03125
3 0.4947916666666667 0.72265625 0.016927083333333332 0.028645833333333332
3 0.5026041666666666 0.6302083333333334 0.015625 0.03125
3 0.5260416666666666 0.6940104166666666 0.015625 0.028645833333333332
3 0.4622395833333333 0.75 0.015625 0.02734375
1 0.6106770833333334 0.7877604166666666 0.0234375 0.0390625
3 0.4752604166666667 0.6640625 0.022135416666666668 0.0390625