0 0.7604166666666666 0.6197916666666666 0.09114583333333333 0.13020833333333334
2 0.6302083333333334 0.5520833333333334 0.01953125 0.03125
2 0.5638020833333334 0.625 0.020833333333333332 0.029947916666666668
2 0.5638020833333334 0.5533854166666666 0.018229166666666668 0.032552083333333336
2 0.5989583333333334 0.6223958333333334 0.016927083333333332 0.024739583333333332
2 0.5989583333333334 0.5520833333333334 0.01953125 0.032552083333333336
3 0.7239583333333334 0.2981770833333333 0.024739583333333332 0.05078125
3 0.6770833333333334 0.3684895833333333 0.028645833333333332 0.049479166666666664
3 0.69921875 0.265625 0.0234375 0.049479166666666664
3 0.6979166666666666 0.3333333333333333 0.02734375 0.041666666666666664
3 0.6588541666666666 0.32421875 0.028645833333333332 0.049479166666666664
1 0.5703125 0.3697916666666667 0.1015625 0.12890625