2 0.55859375 0.7265625 0.0625 0.15755208333333334
4 0.4817708333333333 0.6015625 0.022135416666666668 0.046875
4 0.5911458333333334 0.5546875 0.0234375 0.048177083333333336
0 0.60546875 0.3580729166666667 0.0859375 0.13932291666666666
4 0.6458333333333334 0.5325520833333334 0.0234375 0.044270833333333336
4 0.63671875 0.6549479166666666 0.0234375 0.045572916666666664
4 0.43359375 0.3268229166666667 0.020833333333333332 0.04296875
3 0.4622395833333333 0.46484375 0.015625 0.028645833333333332
3 0.43359375 0.4622395833333333 0.013020833333333334 0.02734375
1 0.4348958333333333 0.828125 0.020833333333333332 0.0390625
3 0.3997395833333333 0.4583333333333333 0.015625 0.028645833333333332
1 0.4453125 0.7135416666666666 0.020833333333333332 0.041666666666666664
3 0.4583333333333333 0.5338541666666666 0.016927083333333332 0.02734375
3 0.4270833333333333 0.5299479166666666 0.015625 0.026041666666666668
3 0.39453125 0.5247395833333334 0.015625 0.026041666666666668
1 0.46875 0.7526041666666666 0.020833333333333332 0.0390625
1 0.4505208333333333 0.7864583333333334 0.022135416666666668 0.04296875
1 0.41015625 0.7916666666666666 0.020833333333333332 0.037760416666666664
1 0.4244791666666667 0.7526041666666666 0.0234375 0.044270833333333336