2 0.45703125 0.7083333333333334 0.07421875 0.09765625
4 0.4466145833333333 0.5520833333333334 0.020833333333333332 0.045572916666666664
4 0.48046875 0.5859375 0.020833333333333332 0.044270833333333336
0 0.5638020833333334 0.38671875 0.08203125 0.13671875
4 0.63671875 0.23958333333333334 0.022135416666666668 0.044270833333333336
4 0.63671875 0.63671875 0.022135416666666668 0.044270833333333336
4 0.54296875 0.5442708333333334 0.022135416666666668 0.044270833333333336
4 0.5833333333333334 0.5520833333333334 0.0234375 0.044270833333333336
3 0.6276041666666666 0.5625 0.015625 0.0234375
3 0.67578125 0.53515625 0.016927083333333332 0.026041666666666668
3 0.6614583333333334 0.59375 0.015625 0.024739583333333332
3 0.5989583333333334 0.5286458333333334 0.015625 0.026041666666666668
1 0.7434895833333334 0.3684895833333333 0.0234375 0.03515625
3 0.6236979166666666 0.4739583333333333 0.015625 0.028645833333333332
1 0.7513020833333334 0.3177083333333333 0.0234375 0.040364583333333336
3 0.6536458333333334 0.5130208333333334 0.015625 0.024739583333333332
1 0.76171875 0.2734375 0.022135416666666668 0.036458333333333336