2 0.546875 0.6028645833333334 0.08072916666666667 0.08854166666666667
0 0.7122395833333334 0.6549479166666666 0.09895833333333333 0.14453125
4 0.5234375 0.3177083333333333 0.026041666666666668 0.041666666666666664
4 0.5520833333333334 0.3046875 0.024739583333333332 0.045572916666666664
4 0.5286458333333334 0.3606770833333333 0.029947916666666668 0.044270833333333336
4 0.5572916666666666 0.3541666666666667 0.024739583333333332 0.04296875
4 0.53125 0.40625 0.028645833333333332 0.040364583333333336
4 0.55859375 0.3997395833333333 0.0234375 0.0390625
3 0.5924479166666666 0.2955729166666667 0.01953125 0.028645833333333332
3 0.6302083333333334 0.2838541666666667 0.015625 0.024739583333333332
3 0.59765625 0.3541666666666667 0.015625 0.02734375
3 0.6328125 0.3424479166666667 0.015625 0.026041666666666668
3 0.6028645833333334 0.4153645833333333 0.015625 0.026041666666666668
3 0.6419270833333334 0.4036458333333333 0.01953125 0.020833333333333332