2 0.5924479166666666 0.6653645833333334 0.07682291666666667 0.09765625
0 0.74609375 0.6432291666666666 0.09244791666666667 0.13541666666666666
4 0.5091145833333334 0.6263020833333334 0.024739583333333332 0.05078125
4 0.4609375 0.6236979166666666 0.0234375 0.049479166666666664
4 0.4869791666666667 0.62109375 0.024739583333333332 0.052083333333333336
4 0.5143229166666666 0.6809895833333334 0.026041666666666668 0.049479166666666664
4 0.4557291666666667 0.67578125 0.024739583333333332 0.049479166666666664
4 0.4869791666666667 0.6822916666666666 0.024739583333333332 0.048177083333333336
3 0.5390625 0.3645833333333333 0.016927083333333332 0.03125
3 0.60546875 0.3645833333333333 0.016927083333333332 0.032552083333333336
3 0.5390625 0.4322916666666667 0.018229166666666668 0.032552083333333336
3 0.57421875 0.4322916666666667 0.016927083333333332 0.029947916666666668
3 0.6080729166666666 0.43359375 0.016927083333333332 0.036458333333333336
3 0.5716145833333334 0.3658854166666667 0.015625 0.028645833333333332