0 0.76171875 0.6197916666666666 0.08854166666666667 0.13151041666666666
4 0.6380208333333334 0.36328125 0.0234375 0.046875
4 0.60546875 0.3671875 0.024739583333333332 0.045572916666666664
4 0.6106770833333334 0.4622395833333333 0.02734375 0.045572916666666664
4 0.6419270833333334 0.4583333333333333 0.026041666666666668 0.045572916666666664
4 0.6393229166666666 0.41015625 0.02734375 0.045572916666666664
4 0.6067708333333334 0.4127604166666667 0.029947916666666668 0.041666666666666664
2 0.47265625 0.4036458333333333 0.0546875 0.13802083333333334
3 0.5885416666666666 0.5611979166666666 0.01171875 0.024739583333333332
3 0.6263020833333334 0.546875 0.01171875 0.024739583333333332
3 0.59375 0.6184895833333334 0.014322916666666666 0.02734375
3 0.6341145833333334 0.6080729166666666 0.015625 0.028645833333333332
3 0.6002604166666666 0.6783854166666666 0.013020833333333334 0.026041666666666668
3 0.6393229166666666 0.6653645833333334 0.016927083333333332 0.02734375