2 0.6341145833333334 0.3138020833333333 0.078125 0.09505208333333333
4 0.68359375 0.60546875 0.0234375 0.040364583333333336
4 0.5950520833333334 0.5598958333333334 0.022135416666666668 0.045572916666666664
4 0.6770833333333334 0.5091145833333334 0.024739583333333332 0.04296875
4 0.6419270833333334 0.6588541666666666 0.0234375 0.0390625
4 0.7434895833333334 0.3359375 0.024739583333333332 0.0390625
0 0.828125 0.5846354166666666 0.09114583333333333 0.12760416666666666
1 0.4192708333333333 0.7942708333333334 0.020833333333333332 0.0390625
4 0.43359375 0.3958333333333333 0.013020833333333334 0.036458333333333336
1 0.3932291666666667 0.7565104166666666 0.020833333333333332 0.037760416666666664
1 0.4114583333333333 0.7161458333333334 0.022135416666666668 0.041666666666666664
1 0.42578125 0.6783854166666666 0.020833333333333332 0.037760416666666664
3 0.5221354166666666 0.625 0.014322916666666666 0.026041666666666668
1 0.4348958333333333 0.7526041666666666 0.022135416666666668 0.040364583333333336
1 0.44921875 0.7096354166666666 0.020833333333333332 0.0390625
3 0.57421875 0.73046875 0.014322916666666666 0.022135416666666668
3 0.5807291666666666 0.6666666666666666 0.015625 0.02734375
3 0.5078125 0.6888020833333334 0.014322916666666666 0.0234375
3 0.5546875 0.6471354166666666 0.014322916666666666 0.022135416666666668
3 0.5455729166666666 0.7161458333333334 0.014322916666666666 0.0234375