4 0.5963541666666666 0.5598958333333334 0.022135416666666668 0.045572916666666664
2 0.4596354166666667 0.4635416666666667 0.0703125 0.15625
0 0.82421875 0.5846354166666666 0.09895833333333333 0.1328125
4 0.4869791666666667 0.60546875 0.020833333333333332 0.048177083333333336
4 0.6770833333333334 0.5091145833333334 0.0234375 0.04296875
4 0.6848958333333334 0.60546875 0.022135416666666668 0.040364583333333336
4 0.7434895833333334 0.3359375 0.024739583333333332 0.04296875
4 0.6432291666666666 0.6588541666666666 0.022135416666666668 0.0390625
1 0.4192708333333333 0.7916666666666666 0.022135416666666668 0.040364583333333336
1 0.39453125 0.7578125 0.022135416666666668 0.040364583333333336
1 0.4361979166666667 0.75390625 0.022135416666666668 0.041666666666666664
1 0.42578125 0.6770833333333334 0.020833333333333332 0.0390625
1 0.41015625 0.7174479166666666 0.022135416666666668 0.041666666666666664
3 0.5221354166666666 0.625 0.014322916666666666 0.024739583333333332
3 0.5807291666666666 0.6666666666666666 0.015625 0.02734375
1 0.4505208333333333 0.7096354166666666 0.022135416666666668 0.0390625
3 0.57421875 0.73046875 0.015625 0.0234375
3 0.5065104166666666 0.6901041666666666 0.014322916666666666 0.0234375
3 0.5533854166666666 0.6484375 0.014322916666666666 0.024739583333333332
3 0.5377604166666666 0.7096354166666666 0.013020833333333334 0.032552083333333336