2 0.5533854166666666 0.6302083333333334 0.07942708333333333 0.09765625
0 0.7161458333333334 0.6471354166666666 0.08984375 0.13541666666666666
4 0.53125 0.4375 0.0234375 0.046875
4 0.4947916666666667 0.44140625 0.024739583333333332 0.049479166666666664
4 0.4973958333333333 0.3958333333333333 0.02734375 0.045572916666666664
4 0.5260416666666666 0.3893229166666667 0.024739583333333332 0.046875
4 0.4934895833333333 0.3528645833333333 0.026041666666666668 0.048177083333333336
4 0.5234375 0.3450520833333333 0.0234375 0.046875
3 0.7083333333333334 0.3372395833333333 0.01953125 0.028645833333333332
3 0.6770833333333334 0.4088541666666667 0.016927083333333332 0.029947916666666668
3 0.6432291666666666 0.34375 0.016927083333333332 0.028645833333333332
3 0.7096354166666666 0.4010416666666667 0.018229166666666668 0.03515625
3 0.6458333333333334 0.4127604166666667 0.01953125 0.032552083333333336
3 0.67578125 0.33984375 0.016927083333333332 0.028645833333333332