2 0.5924479166666666 0.6666666666666666 0.07682291666666667 0.09635416666666667
0 0.74609375 0.6432291666666666 0.09505208333333333 0.13932291666666666
4 0.5091145833333334 0.6263020833333334 0.024739583333333332 0.052083333333333336
4 0.4869791666666667 0.62109375 0.024739583333333332 0.052083333333333336
4 0.4609375 0.6236979166666666 0.0234375 0.049479166666666664
4 0.515625 0.6809895833333334 0.024739583333333332 0.049479166666666664
4 0.45703125 0.6744791666666666 0.0234375 0.05078125
4 0.4895833333333333 0.6822916666666666 0.024739583333333332 0.048177083333333336
3 0.6458333333333334 0.4127604166666667 0.018229166666666668 0.029947916666666668
3 0.6783854166666666 0.41015625 0.016927083333333332 0.028645833333333332
3 0.6432291666666666 0.3424479166666667 0.016927083333333332 0.029947916666666668
3 0.7109375 0.3359375 0.020833333333333332 0.032552083333333336
3 0.6731770833333334 0.33984375 0.016927083333333332 0.029947916666666668
3 0.7083333333333334 0.4075520833333333 0.018229166666666668 0.03125