4 0.5911458333333334 0.5546875 0.0234375 0.046875
4 0.5442708333333334 0.5572916666666666 0.022135416666666668 0.045572916666666664
0 0.5572916666666666 0.40234375 0.08203125 0.13671875
4 0.4830729166666667 0.6028645833333334 0.0234375 0.046875
4 0.6393229166666666 0.65625 0.0234375 0.041666666666666664
4 0.4453125 0.5716145833333334 0.022135416666666668 0.046875
1 0.6119791666666666 0.7369791666666666 0.0234375 0.040364583333333336
1 0.6119791666666666 0.7877604166666666 0.022135416666666668 0.037760416666666664
1 0.61328125 0.69140625 0.020833333333333332 0.040364583333333336
3 0.5052083333333334 0.6471354166666666 0.014322916666666666 0.026041666666666668
1 0.58203125 0.7369791666666666 0.022135416666666668 0.040364583333333336
1 0.5768229166666666 0.78515625 0.020833333333333332 0.033854166666666664
1 0.5872395833333334 0.6888020833333334 0.01953125 0.0390625
3 0.4544270833333333 0.7109375 0.014322916666666666 0.026041666666666668
3 0.4752604166666667 0.77734375 0.013020833333333334 0.022135416666666668
3 0.484375 0.6783854166666666 0.013020833333333334 0.026041666666666668
3 0.5 0.7369791666666666 0.014322916666666666 0.0234375
3 0.5338541666666666 0.7057291666666666 0.016927083333333332 0.02734375