4 0.5950520833333334 0.5598958333333334 0.022135416666666668 0.045572916666666664
4 0.6770833333333334 0.5104166666666666 0.0234375 0.04296875
4 0.4856770833333333 0.60546875 0.022135416666666668 0.046875
4 0.6419270833333334 0.66015625 0.024739583333333332 0.045572916666666664
4 0.7513020833333334 0.4283854166666667 0.0234375 0.041666666666666664
2 0.5638020833333334 0.7317708333333334 0.05859375 0.15625
4 0.7434895833333334 0.3346354166666667 0.0234375 0.040364583333333336
3 0.46875 0.52734375 0.014322916666666666 0.02734375
3 0.4361979166666667 0.5221354166666666 0.013020833333333334 0.026041666666666668
3 0.4049479166666667 0.515625 0.013020833333333334 0.024739583333333332
3 0.44140625 0.4479166666666667 0.01171875 0.024739583333333332
1 0.4375 0.83203125 0.020833333333333332 0.037760416666666664
1 0.4479166666666667 0.7174479166666666 0.020833333333333332 0.044270833333333336
1 0.4713541666666667 0.7552083333333334 0.022135416666666668 0.033854166666666664
3 0.4075520833333333 0.4427083333333333 0.013020833333333334 0.026041666666666668
1 0.4296875 0.7552083333333334 0.024739583333333332 0.0390625
1 0.4518229166666667 0.79296875 0.01953125 0.0390625
0 0.6549479166666666 0.32421875 0.078125 0.13151041666666666
1 0.4127604166666667 0.7981770833333334 0.0234375 0.0390625