2 0.6341145833333334 0.3138020833333333 0.07682291666666667 0.09505208333333333
4 0.68359375 0.60546875 0.0234375 0.040364583333333336
4 0.6770833333333334 0.5078125 0.024739583333333332 0.04296875
4 0.42578125 0.3971354166666667 0.022135416666666668 0.044270833333333336
4 0.7434895833333334 0.3359375 0.0234375 0.041666666666666664
4 0.6419270833333334 0.6575520833333334 0.022135416666666668 0.0390625
0 0.8268229166666666 0.5859375 0.09375 0.13020833333333334
1 0.4505208333333333 0.5065104166666666 0.01953125 0.0390625
1 0.4791666666666667 0.5455729166666666 0.01953125 0.03515625
4 0.5703125 0.4778645833333333 0.014322916666666666 0.03515625
1 0.4635416666666667 0.5807291666666666 0.01953125 0.036458333333333336
1 0.4388020833333333 0.5481770833333334 0.020833333333333332 0.037760416666666664
1 0.4505208333333333 0.6276041666666666 0.018229166666666668 0.033854166666666664
3 0.5208333333333334 0.625 0.014322916666666666 0.026041666666666668
1 0.4231770833333333 0.5885416666666666 0.018229166666666668 0.03515625
3 0.5078125 0.6888020833333334 0.013020833333333334 0.022135416666666668
3 0.5546875 0.6471354166666666 0.014322916666666666 0.0234375
3 0.5807291666666666 0.6666666666666666 0.015625 0.026041666666666668
3 0.57421875 0.73046875 0.015625 0.022135416666666668
3 0.5377604166666666 0.7109375 0.014322916666666666 0.033854166666666664