2 0.45703125 0.70703125 0.07421875 0.09635416666666667
4 0.4466145833333333 0.5520833333333334 0.020833333333333332 0.045572916666666664
4 0.48046875 0.5859375 0.020833333333333332 0.044270833333333336
4 0.5442708333333334 0.5442708333333334 0.022135416666666668 0.04296875
0 0.5651041666666666 0.3854166666666667 0.07942708333333333 0.13411458333333334
4 0.6341145833333334 0.23958333333333334 0.022135416666666668 0.044270833333333336
4 0.63671875 0.63671875 0.020833333333333332 0.0390625
3 0.6328125 0.5247395833333334 0.013020833333333334 0.0234375
3 0.6861979166666666 0.55078125 0.014322916666666666 0.0234375
3 0.6575520833333334 0.5872395833333334 0.014322916666666666 0.0234375
3 0.6640625 0.4895833333333333 0.015625 0.026041666666666668
3 0.6041666666666666 0.5546875 0.014322916666666666 0.0234375
1 0.7252604166666666 0.2513020833333333 0.029947916666666668 0.037760416666666664
3 0.62890625 0.6184895833333334 0.014322916666666666 0.022135416666666668
4 0.5833333333333334 0.5455729166666666 0.0234375 0.040364583333333336
1 0.71875 0.296875 0.0234375 0.040364583333333336
1 0.7083333333333334 0.34375 0.020833333333333332 0.037760416666666664
1 0.7578125 0.2669270833333333 0.024739583333333332 0.04296875