2 0.7291666666666666 0.33203125 0.061197916666666664 0.14192708333333334
0 0.6067708333333334 0.359375 0.08203125 0.13802083333333334
4 0.6458333333333334 0.5325520833333334 0.0234375 0.044270833333333336
4 0.5911458333333334 0.5546875 0.0234375 0.045572916666666664
4 0.4817708333333333 0.6015625 0.022135416666666668 0.044270833333333336
4 0.43359375 0.3268229166666667 0.020833333333333332 0.041666666666666664
4 0.484375 0.3606770833333333 0.020833333333333332 0.040364583333333336
4 0.6380208333333334 0.6536458333333334 0.0234375 0.04296875
1 0.6106770833333334 0.7356770833333334 0.024739583333333332 0.04296875
1 0.5807291666666666 0.7330729166666666 0.0234375 0.04296875
3 0.4635416666666667 0.4661458333333333 0.015625 0.02734375
3 0.4348958333333333 0.4622395833333333 0.013020833333333334 0.026041666666666668
3 0.3997395833333333 0.45703125 0.014322916666666666 0.02734375
1 0.61328125 0.69140625 0.0234375 0.041666666666666664
1 0.58203125 0.6888020833333334 0.022135416666666668 0.04296875
3 0.4270833333333333 0.5299479166666666 0.015625 0.024739583333333332
3 0.39453125 0.5247395833333334 0.014322916666666666 0.026041666666666668
3 0.4583333333333333 0.5338541666666666 0.015625 0.02734375
1 0.5755208333333334 0.78515625 0.0234375 0.0390625
1 0.6106770833333334 0.78515625 0.026041666666666668 0.044270833333333336