4 0.5416666666666666 0.4270833333333333 0.022135416666666668 0.04296875
4 0.5143229166666666 0.3684895833333333 0.0234375 0.045572916666666664
4 0.5325520833333334 0.5403645833333334 0.022135416666666668 0.04296875
0 0.8424479166666666 0.6380208333333334 0.09114583333333333 0.13151041666666666
4 0.42578125 0.3971354166666667 0.022135416666666668 0.04296875
4 0.4700520833333333 0.3736979166666667 0.020833333333333332 0.04296875
4 0.7018229166666666 0.5299479166666666 0.016927083333333332 0.036458333333333336
1 0.4505208333333333 0.5065104166666666 0.01953125 0.040364583333333336
1 0.44921875 0.6263020833333334 0.018229166666666668 0.033854166666666664
3 0.5208333333333334 0.6263020833333334 0.014322916666666666 0.024739583333333332
1 0.4791666666666667 0.5442708333333334 0.01953125 0.03515625
1 0.4635416666666667 0.5794270833333334 0.01953125 0.03515625
1 0.421875 0.5859375 0.01953125 0.033854166666666664
3 0.5546875 0.6471354166666666 0.014322916666666666 0.0234375
3 0.58203125 0.6666666666666666 0.015625 0.026041666666666668
3 0.57421875 0.73046875 0.014322916666666666 0.0234375
1 0.4375 0.546875 0.020833333333333332 0.037760416666666664
3 0.5065104166666666 0.6888020833333334 0.013020833333333334 0.022135416666666668
2 0.6471354166666666 0.3111979166666667 0.05859375 0.09244791666666667