0 0.7604166666666666 0.6197916666666666 0.09114583333333333 0.1328125
4 0.6393229166666666 0.3658854166666667 0.02734375 0.048177083333333336
4 0.6041666666666666 0.3671875 0.026041666666666668 0.046875
4 0.6106770833333334 0.46484375 0.028645833333333332 0.044270833333333336
4 0.6432291666666666 0.4609375 0.026041666666666668 0.045572916666666664
4 0.60546875 0.41796875 0.028645833333333332 0.04296875
3 0.62890625 0.55078125 0.01953125 0.029947916666666668
3 0.5638020833333334 0.5533854166666666 0.018229166666666668 0.032552083333333336
4 0.640625 0.4114583333333333 0.028645833333333332 0.044270833333333336
3 0.59765625 0.6223958333333334 0.018229166666666668 0.02734375
3 0.5638020833333334 0.6236979166666666 0.01953125 0.028645833333333332
3 0.5950520833333334 0.5533854166666666 0.018229166666666668 0.032552083333333336
2 0.4635416666666667 0.40625 0.053385416666666664 0.13802083333333334
3 0.6354166666666666 0.625 0.020833333333333332 0.0390625