4 0.58984375 0.5546875 0.0234375 0.046875
0 0.5611979166666666 0.3997395833333333 0.08072916666666667 0.13411458333333334
4 0.6380208333333334 0.6432291666666666 0.022135416666666668 0.041666666666666664
2 0.7278645833333334 0.3333333333333333 0.061197916666666664 0.13932291666666666
4 0.5442708333333334 0.5559895833333334 0.022135416666666668 0.045572916666666664
4 0.7838541666666666 0.4921875 0.024739583333333332 0.04296875
4 0.484375 0.6028645833333334 0.018229166666666668 0.04296875
1 0.7447916666666666 0.8216145833333334 0.026041666666666668 0.044270833333333336
3 0.5052083333333334 0.6471354166666666 0.014322916666666666 0.026041666666666668
1 0.7330729166666666 0.7252604166666666 0.0234375 0.041666666666666664
1 0.7369791666666666 0.7721354166666666 0.024739583333333332 0.04296875
3 0.5338541666666666 0.7044270833333334 0.015625 0.026041666666666668
1 0.7044270833333334 0.78125 0.0234375 0.045572916666666664
1 0.703125 0.73046875 0.022135416666666668 0.041666666666666664
3 0.4557291666666667 0.7096354166666666 0.013020833333333334 0.024739583333333332
3 0.4752604166666667 0.7786458333333334 0.014322916666666666 0.022135416666666668
3 0.484375 0.6809895833333334 0.01171875 0.0234375
3 0.5013020833333334 0.7369791666666666 0.014322916666666666 0.022135416666666668
1 0.7109375 0.828125 0.024739583333333332 0.0390625
1 0.7109375 0.8268229166666666 0.026041666666666668 0.041666666666666664