4 0.5755208333333334 0.3567708333333333 0.024739583333333332 0.046875
4 0.6315104166666666 0.3541666666666667 0.024739583333333332 0.049479166666666664
2 0.58984375 0.66015625 0.08072916666666667 0.09895833333333333
4 0.6028645833333334 0.359375 0.024739583333333332 0.046875
4 0.6015625 0.30078125 0.024739583333333332 0.045572916666666664
4 0.6263020833333334 0.30078125 0.0234375 0.046875
4 0.5716145833333334 0.3033854166666667 0.022135416666666668 0.046875
0 0.7369791666666666 0.4583333333333333 0.07552083333333333 0.12109375
3 0.5533854166666666 0.4674479166666667 0.018229166666666668 0.028645833333333332
3 0.6197916666666666 0.4661458333333333 0.016927083333333332 0.029947916666666668
3 0.5533854166666666 0.5377604166666666 0.018229166666666668 0.02734375
3 0.5885416666666666 0.4674479166666667 0.015625 0.026041666666666668
3 0.5885416666666666 0.5377604166666666 0.015625 0.024739583333333332
3 0.62109375 0.5338541666666666 0.015625 0.028645833333333332