0 0.71484375 0.6471354166666666 0.08854166666666667 0.13411458333333334
1 0.5533854166666666 0.62890625 0.07942708333333333 0.09895833333333333
3 0.4934895833333333 0.3515625 0.026041666666666668 0.048177083333333336
3 0.5299479166666666 0.4361979166666667 0.0234375 0.048177083333333336
3 0.5260416666666666 0.3880208333333333 0.026041666666666668 0.046875
2 0.6471354166666666 0.4127604166666667 0.01953125 0.032552083333333336
2 0.7096354166666666 0.3359375 0.01953125 0.028645833333333332
2 0.6770833333333334 0.4088541666666667 0.018229166666666668 0.03125
2 0.7109375 0.4010416666666667 0.018229166666666668 0.03515625
3 0.4947916666666667 0.4401041666666667 0.026041666666666668 0.05078125
3 0.5247395833333334 0.3463541666666667 0.024739583333333332 0.048177083333333336
2 0.6432291666666666 0.3411458333333333 0.018229166666666668 0.028645833333333332
3 0.49609375 0.3932291666666667 0.02734375 0.046875
2 0.67578125 0.3385416666666667 0.01953125 0.0390625