2 0.4557291666666667 0.7057291666666666 0.07421875 0.09765625
4 0.4466145833333333 0.5520833333333334 0.020833333333333332 0.045572916666666664
4 0.48046875 0.5859375 0.020833333333333332 0.044270833333333336
4 0.5885416666666666 0.546875 0.0234375 0.045572916666666664
4 0.5442708333333334 0.54296875 0.022135416666666668 0.044270833333333336
0 0.5651041666666666 0.3841145833333333 0.08072916666666667 0.13411458333333334
4 0.640625 0.64453125 0.015625 0.032552083333333336
3 0.5807291666666666 0.7864583333333334 0.014322916666666666 0.0234375
3 0.5768229166666666 0.6927083333333334 0.014322916666666666 0.02734375
3 0.53125 0.7864583333333334 0.014322916666666666 0.024739583333333332
3 0.60546875 0.7356770833333334 0.013020833333333334 0.026041666666666668
3 0.5611979166666666 0.8333333333333334 0.014322916666666666 0.0234375
3 0.55078125 0.7369791666666666 0.013020833333333334 0.02734375