2 0.7786458333333334 0.37890625 0.07942708333333333 0.09375
0 0.6927083333333334 0.7369791666666666 0.08463541666666667 0.13020833333333334
4 0.4700520833333333 0.37109375 0.020833333333333332 0.045572916666666664
4 0.6510416666666666 0.3567708333333333 0.0234375 0.044270833333333336
4 0.6002604166666666 0.4856770833333333 0.0234375 0.04296875
4 0.65625 0.4765625 0.024739583333333332 0.044270833333333336
4 0.6953125 0.44140625 0.024739583333333332 0.040364583333333336
4 0.7057291666666666 0.5247395833333334 0.0234375 0.041666666666666664
3 0.4856770833333333 0.5364583333333334 0.015625 0.022135416666666668
3 0.5169270833333334 0.46875 0.013020833333333334 0.024739583333333332
3 0.5182291666666666 0.5364583333333334 0.013020833333333334 0.0234375
3 0.4518229166666667 0.4661458333333333 0.015625 0.028645833333333332
3 0.4505208333333333 0.53515625 0.014322916666666666 0.026041666666666668
1 0.5677083333333334 0.3033854166666667 0.020833333333333332 0.041666666666666664
1 0.5846354166666666 0.3424479166666667 0.020833333333333332 0.0390625
3 0.4869791666666667 0.4661458333333333 0.014322916666666666 0.024739583333333332
1 0.5442708333333334 0.3333333333333333 0.020833333333333332 0.0390625
1 0.5520833333333334 0.2604166666666667 0.022135416666666668 0.041666666666666664
1 0.5533854166666666 0.37109375 0.020833333333333332 0.0390625
1 0.5260416666666666 0.29296875 0.022135416666666668 0.0390625