2 0.6341145833333334 0.3151041666666667 0.07682291666666667 0.09505208333333333
4 0.5950520833333334 0.5598958333333334 0.022135416666666668 0.045572916666666664
4 0.68359375 0.60546875 0.0234375 0.041666666666666664
4 0.67578125 0.5091145833333334 0.024739583333333332 0.04296875
0 0.828125 0.5846354166666666 0.08723958333333333 0.125
4 0.7434895833333334 0.3346354166666667 0.024739583333333332 0.040364583333333336
4 0.6419270833333334 0.6588541666666666 0.022135416666666668 0.0390625
1 0.43359375 0.5494791666666666 0.01953125 0.032552083333333336
3 0.5221354166666666 0.625 0.014322916666666666 0.024739583333333332
1 0.4765625 0.5442708333333334 0.01953125 0.03515625
3 0.5078125 0.6888020833333334 0.013020833333333334 0.022135416666666668
1 0.4231770833333333 0.5872395833333334 0.018229166666666668 0.033854166666666664
1 0.4518229166666667 0.6341145833333334 0.016927083333333332 0.032552083333333336
3 0.57421875 0.73046875 0.014322916666666666 0.022135416666666668
3 0.5807291666666666 0.6653645833333334 0.015625 0.026041666666666668
1 0.4635416666666667 0.58203125 0.018229166666666668 0.03515625
3 0.5546875 0.6484375 0.013020833333333334 0.022135416666666668
3 0.5403645833333334 0.7135416666666666 0.013020833333333334 0.020833333333333332
1 0.4518229166666667 0.51171875 0.022135416666666668 0.037760416666666664