2 0.75 0.6940104166666666 0.07682291666666667 0.09635416666666667
0 0.6119791666666666 0.7734375 0.07682291666666667 0.12760416666666666
3 0.5078125 0.5390625 0.015625 0.026041666666666668
3 0.4752604166666667 0.5390625 0.014322916666666666 0.0234375
3 0.44140625 0.5403645833333334 0.014322916666666666 0.0234375
3 0.5052083333333334 0.4700520833333333 0.016927083333333332 0.026041666666666668
3 0.44140625 0.46875 0.015625 0.026041666666666668
3 0.4752604166666667 0.4700520833333333 0.014322916666666666 0.024739583333333332
4 0.4700520833333333 0.3736979166666667 0.022135416666666668 0.045572916666666664
4 0.7044270833333334 0.5260416666666666 0.024739583333333332 0.048177083333333336
4 0.5989583333333334 0.4856770833333333 0.0234375 0.045572916666666664
4 0.6940104166666666 0.44140625 0.02734375 0.048177083333333336
1 0.5247395833333334 0.2877604166666667 0.022135416666666668 0.037760416666666664
1 0.5377604166666666 0.3307291666666667 0.02734375 0.048177083333333336
1 0.5559895833333334 0.3684895833333333 0.024739583333333332 0.040364583333333336
4 0.6484375 0.3528645833333333 0.024739583333333332 0.044270833333333336