2 0.7421875 0.69140625 0.08203125 0.09505208333333333
0 0.6119791666666666 0.7708333333333334 0.078125 0.1328125
3 0.5078125 0.5390625 0.015625 0.024739583333333332
3 0.5052083333333334 0.4700520833333333 0.015625 0.026041666666666668
3 0.44140625 0.5403645833333334 0.014322916666666666 0.0234375
3 0.4752604166666667 0.5403645833333334 0.014322916666666666 0.0234375
3 0.44140625 0.46875 0.015625 0.026041666666666668
3 0.4752604166666667 0.4700520833333333 0.014322916666666666 0.024739583333333332
4 0.65625 0.4765625 0.0234375 0.04296875
1 0.5651041666666666 0.3020833333333333 0.022135416666666668 0.040364583333333336
4 0.6940104166666666 0.4440104166666667 0.024739583333333332 0.044270833333333336
4 0.7825520833333334 0.42578125 0.024739583333333332 0.045572916666666664
4 0.6510416666666666 0.3567708333333333 0.0234375 0.044270833333333336
4 0.7044270833333334 0.5260416666666666 0.0234375 0.04296875
1 0.5520833333333334 0.3723958333333333 0.024739583333333332 0.046875
1 0.5533854166666666 0.2591145833333333 0.022135416666666668 0.048177083333333336
1 0.5260416666666666 0.2916666666666667 0.0234375 0.045572916666666664
1 0.5403645833333334 0.3294270833333333 0.022135416666666668 0.040364583333333336
1 0.58203125 0.3424479166666667 0.0234375 0.0390625
4 0.6822916666666666 0.3385416666666667 0.6848958333333334 0.3385416666666667 0.6901041666666666 0.3333333333333333 0.6979166666666666 0.3333333333333333 0.7005208333333334 0.3385416666666667 0.7005208333333334 0.3489583333333333 0.6953125 0.359375 0.6875 0.3671875 0.6822916666666666 0.3671875 0.6796875 0.3619791666666667 0.6796875 0.34375 0.6822916666666666 0.3411458333333333