0 0.74609375 0.64453125 0.09895833333333333 0.13151041666666666
4 0.51171875 0.6263020833333334 0.026041666666666668 0.05078125
4 0.484375 0.62109375 0.026041666666666668 0.05078125
3 0.5377604166666666 0.3671875 0.015625 0.03515625
4 0.4856770833333333 0.6809895833333334 0.026041666666666668 0.05078125
3 0.60546875 0.3645833333333333 0.015625 0.033854166666666664
4 0.515625 0.6809895833333334 0.026041666666666668 0.05078125
3 0.57421875 0.4322916666666667 0.018229166666666668 0.029947916666666668
3 0.6067708333333334 0.4322916666666667 0.016927083333333332 0.03515625
4 0.4557291666666667 0.6744791666666666 0.026041666666666668 0.05078125
3 0.5390625 0.4322916666666667 0.016927083333333332 0.033854166666666664
4 0.4596354166666667 0.6236979166666666 0.0234375 0.048177083333333336
2 0.5924479166666666 0.6666666666666666 0.07682291666666667 0.09765625
3 0.5703125 0.36328125 0.016927083333333332 0.028645833333333332