2 0.4596354166666667 0.4869791666666667 0.06380208333333333 0.1484375
3 0.4361979166666667 0.2942708333333333 0.014322916666666666 0.02734375
3 0.45703125 0.23177083333333334 0.013020833333333334 0.026041666666666668
3 0.4635416666666667 0.32421875 0.015625 0.024739583333333332
3 0.49609375 0.3541666666666667 0.016927083333333332 0.02734375
3 0.5130208333333334 0.29296875 0.014322916666666666 0.02734375
4 0.484375 0.6028645833333334 0.022135416666666668 0.048177083333333336
4 0.5950520833333334 0.5598958333333334 0.0234375 0.045572916666666664
4 0.6770833333333334 0.5091145833333334 0.024739583333333332 0.044270833333333336
4 0.6419270833333334 0.6588541666666666 0.0234375 0.044270833333333336
4 0.7447916666666666 0.3125 0.7526041666666666 0.3255208333333333 0.7526041666666666 0.3385416666666667 0.7473958333333334 0.3489583333333333 0.7421875 0.3541666666666667 0.734375 0.3515625 0.7317708333333334 0.3411458333333333 0.7291666666666666 0.3385416666666667 0.7291666666666666 0.328125 0.7317708333333334 0.3255208333333333 0.7317708333333334 0.3203125 0.7395833333333334 0.3125 0.7421875 0.3125
4 0.7421875 0.4088541666666667 0.7473958333333334 0.40625 0.7552083333333334 0.4088541666666667 0.7604166666666666 0.4192708333333333 0.7604166666666666 0.4322916666666667 0.7578125 0.4348958333333333 0.7578125 0.4401041666666667 0.7473958333333334 0.4479166666666667 0.7395833333333334 0.4401041666666667 0.7395833333333334 0.4348958333333333 0.7369791666666666 0.4322916666666667 0.7369791666666666 0.4192708333333333 0.7421875 0.4114583333333333
0 0.6549479166666666 0.3190104166666667 0.07942708333333333 0.13932291666666666
1 0.4244791666666667 0.6783854166666666 0.0234375 0.041666666666666664
1 0.44921875 0.71484375 0.0234375 0.04296875
1 0.4088541666666667 0.7174479166666666 0.026041666666666668 0.040364583333333336
1 0.3932291666666667 0.7578125 0.022135416666666668 0.0390625
1 0.43359375 0.7526041666666666 0.024739583333333332 0.0390625
1 0.4166666666666667 0.79296875 0.0234375 0.041666666666666664
3 0.4856770833333333 0.26171875 0.016927083333333332 0.02734375