2 0.5703125 0.3606770833333333 0.06510416666666667 0.15234375
0 0.76171875 0.6184895833333334 0.08463541666666667 0.12890625
4 0.6119791666666666 0.65234375 0.024739583333333332 0.053385416666666664
4 0.6432291666666666 0.640625 0.024739583333333332 0.052083333333333336
4 0.6380208333333334 0.58984375 0.0234375 0.048177083333333336
4 0.6119791666666666 0.58984375 0.022135416666666668 0.048177083333333336
4 0.5846354166666666 0.6536458333333334 0.026041666666666668 0.055989583333333336
4 0.5846354166666666 0.59375 0.0234375 0.044270833333333336
3 0.4739583333333333 0.6354166666666666 0.013020833333333334 0.022135416666666668
3 0.46875 0.5651041666666666 0.013020833333333334 0.0234375
3 0.5013020833333334 0.5559895833333334 0.013020833333333334 0.0234375
3 0.53515625 0.5455729166666666 0.016927083333333332 0.029947916666666668
3 0.54296875 0.6119791666666666 0.013020833333333334 0.0234375
3 0.5104166666666666 0.625 0.01171875 0.020833333333333332