2 0.7291666666666666 0.33203125 0.061197916666666664 0.14453125
0 0.6080729166666666 0.359375 0.07942708333333333 0.13932291666666666
4 0.6458333333333334 0.5325520833333334 0.0234375 0.04296875
4 0.5911458333333334 0.5559895833333334 0.0234375 0.046875
4 0.4817708333333333 0.6015625 0.020833333333333332 0.044270833333333336
4 0.6380208333333334 0.6549479166666666 0.0234375 0.04296875
1 0.5794270833333334 0.7330729166666666 0.0234375 0.040364583333333336
1 0.6119791666666666 0.7356770833333334 0.0234375 0.04296875
3 0.4609375 0.5325520833333334 0.015625 0.02734375
1 0.58203125 0.6875 0.022135416666666668 0.040364583333333336
3 0.3984375 0.4557291666666667 0.013020833333333334 0.026041666666666668
1 0.61328125 0.69140625 0.022135416666666668 0.041666666666666664
3 0.39453125 0.5247395833333334 0.015625 0.026041666666666668
3 0.4283854166666667 0.5299479166666666 0.014322916666666666 0.024739583333333332
4 0.4869791666666667 0.3580729166666667 0.01953125 0.0390625
3 0.43359375 0.4596354166666667 0.013020833333333334 0.024739583333333332
1 0.57421875 0.7799479166666666 0.020833333333333332 0.036458333333333336
1 0.6106770833333334 0.7838541666666666 0.0234375 0.040364583333333336