2 0.45703125 0.7057291666666666 0.07421875 0.09895833333333333
0 0.5651041666666666 0.38671875 0.08203125 0.13671875
4 0.58984375 0.5455729166666666 0.0234375 0.045572916666666664
4 0.6354166666666666 0.63671875 0.022135416666666668 0.04296875
4 0.4479166666666667 0.5520833333333334 0.020833333333333332 0.045572916666666664
4 0.48046875 0.5859375 0.020833333333333332 0.044270833333333336
4 0.54296875 0.54296875 0.022135416666666668 0.044270833333333336
4 0.7838541666666666 0.4934895833333333 0.0234375 0.04296875
1 0.7330729166666666 0.76953125 0.0234375 0.040364583333333336
1 0.73828125 0.8151041666666666 0.026041666666666668 0.04296875
1 0.7291666666666666 0.72265625 0.022135416666666668 0.041666666666666664
1 0.6966145833333334 0.7252604166666666 0.022135416666666668 0.04296875
1 0.69921875 0.7721354166666666 0.022135416666666668 0.040364583333333336
1 0.7005208333333334 0.8177083333333334 0.022135416666666668 0.041666666666666664
3 0.60546875 0.7265625 0.015625 0.026041666666666668
3 0.5833333333333334 0.77734375 0.014322916666666666 0.024739583333333332
3 0.5338541666666666 0.7799479166666666 0.014322916666666666 0.024739583333333332
3 0.5768229166666666 0.6848958333333334 0.014322916666666666 0.028645833333333332
3 0.5625 0.8255208333333334 0.013020833333333334 0.022135416666666668
3 0.5533854166666666 0.7278645833333334 0.018229166666666668 0.029947916666666668