0 0.76171875 0.6197916666666666 0.08984375 0.13151041666666666
4 0.6380208333333334 0.3619791666666667 0.0234375 0.048177083333333336
4 0.6067708333333334 0.3671875 0.024739583333333332 0.045572916666666664
4 0.6106770833333334 0.4622395833333333 0.02734375 0.045572916666666664
4 0.6419270833333334 0.4596354166666667 0.026041666666666668 0.045572916666666664
4 0.6393229166666666 0.41015625 0.02734375 0.045572916666666664
4 0.6067708333333334 0.4127604166666667 0.029947916666666668 0.041666666666666664
3 0.6380208333333334 0.65625 0.01953125 0.03125
2 0.4713541666666667 0.4049479166666667 0.0546875 0.13671875
3 0.6119791666666666 0.54296875 0.014322916666666666 0.0234375
3 0.5755208333333334 0.57421875 0.014322916666666666 0.020833333333333332
3 0.5885416666666666 0.6263020833333334 0.014322916666666666 0.024739583333333332
3 0.6263020833333334 0.6015625 0.014322916666666666 0.024739583333333332
3 0.6028645833333334 0.68359375 0.015625 0.02734375