0 0.76171875 0.6184895833333334 0.08984375 0.13020833333333334
4 0.6419270833333334 0.6432291666666666 0.026041666666666668 0.053385416666666664
4 0.58203125 0.5950520833333334 0.024739583333333332 0.049479166666666664
4 0.6393229166666666 0.5911458333333334 0.024739583333333332 0.05078125
4 0.58203125 0.6549479166666666 0.024739583333333332 0.057291666666666664
4 0.6106770833333334 0.58984375 0.024739583333333332 0.049479166666666664
4 0.6119791666666666 0.6536458333333334 0.02734375 0.052083333333333336
3 0.5338541666666666 0.3776041666666667 0.015625 0.028645833333333332
3 0.46875 0.4479166666666667 0.018229166666666668 0.03515625
3 0.5377604166666666 0.4453125 0.018229166666666668 0.033854166666666664
3 0.46875 0.3828125 0.015625 0.028645833333333332
3 0.50390625 0.37890625 0.016927083333333332 0.02734375
3 0.50390625 0.4505208333333333 0.014322916666666666 0.033854166666666664
2 0.6041666666666666 0.3671875 0.06770833333333333 0.14713541666666666