0 0.7669270833333334 0.6223958333333334 0.0859375 0.13151041666666666
4 0.6432291666666666 0.6471354166666666 0.02734375 0.05078125
2 0.6067708333333334 0.3763020833333333 0.06640625 0.14713541666666666
4 0.6119791666666666 0.65234375 0.026041666666666668 0.05078125
4 0.61328125 0.59375 0.0234375 0.049479166666666664
4 0.6432291666666666 0.5950520833333334 0.024739583333333332 0.046875
4 0.5846354166666666 0.6497395833333334 0.024739583333333332 0.052083333333333336
4 0.5859375 0.59375 0.0234375 0.046875
3 0.47265625 0.4583333333333333 0.018229166666666668 0.032552083333333336
3 0.5052083333333334 0.38671875 0.015625 0.026041666666666668
3 0.5078125 0.4505208333333333 0.016927083333333332 0.03515625
3 0.4739583333333333 0.3958333333333333 0.015625 0.029947916666666668
3 0.5390625 0.4505208333333333 0.016927083333333332 0.03125