2 0.4739583333333333 0.5559895833333334 0.0703125 0.09375
4 0.5716145833333334 0.41015625 0.024739583333333332 0.049479166666666664
4 0.6236979166666666 0.40625 0.026041666666666668 0.0546875
4 0.5729166666666666 0.3567708333333333 0.024739583333333332 0.045572916666666664
4 0.6197916666666666 0.3567708333333333 0.024739583333333332 0.046875
4 0.5963541666666666 0.3515625 0.022135416666666668 0.044270833333333336
0 0.7513020833333334 0.5208333333333334 0.08333333333333333 0.12890625
4 0.5989583333333334 0.41015625 0.026041666666666668 0.05078125
3 0.5651041666666666 0.6236979166666666 0.020833333333333332 0.03125
3 0.5651041666666666 0.5533854166666666 0.018229166666666668 0.03125
3 0.62890625 0.5520833333333334 0.01953125 0.032552083333333336
3 0.59765625 0.5546875 0.016927083333333332 0.03125
3 0.5989583333333334 0.6223958333333334 0.016927083333333332 0.02734375
3 0.6302083333333334 0.62109375 0.01953125 0.03125