0 0.7669270833333334 0.62109375 0.08984375 0.12890625
4 0.64453125 0.5950520833333334 0.024739583333333332 0.05078125
4 0.6497395833333334 0.6484375 0.024739583333333332 0.05078125
4 0.5872395833333334 0.6041666666666666 0.026041666666666668 0.052083333333333336
4 0.6184895833333334 0.59765625 0.024739583333333332 0.052083333333333336
3 0.5377604166666666 0.3815104166666667 0.015625 0.028645833333333332
3 0.5416666666666666 0.453125 0.016927083333333332 0.032552083333333336
3 0.47265625 0.4583333333333333 0.018229166666666668 0.032552083333333336
4 0.5885416666666666 0.6640625 0.028645833333333332 0.052083333333333336
3 0.4752604166666667 0.39453125 0.016927083333333332 0.03125
3 0.5078125 0.4505208333333333 0.01953125 0.03515625
3 0.5052083333333334 0.3854166666666667 0.015625 0.029947916666666668
4 0.6197916666666666 0.6627604166666666 0.022135416666666668 0.04296875