2 0.6067708333333334 0.3776041666666667 0.06640625 0.14322916666666666
0 0.7682291666666666 0.6236979166666666 0.08854166666666667 0.13020833333333334
4 0.5924479166666666 0.6614583333333334 0.026041666666666668 0.052083333333333336
4 0.6497395833333334 0.6471354166666666 0.024739583333333332 0.052083333333333336
4 0.6184895833333334 0.66015625 0.026041666666666668 0.052083333333333336
4 0.64453125 0.5963541666666666 0.024739583333333332 0.048177083333333336
4 0.5885416666666666 0.6028645833333334 0.026041666666666668 0.049479166666666664
3 0.5403645833333334 0.453125 0.018229166666666668 0.033854166666666664
4 0.6184895833333334 0.5989583333333334 0.024739583333333332 0.049479166666666664
3 0.47265625 0.4583333333333333 0.018229166666666668 0.033854166666666664
3 0.50390625 0.38671875 0.014322916666666666 0.026041666666666668
3 0.5078125 0.4518229166666667 0.018229166666666668 0.036458333333333336
3 0.47265625 0.39453125 0.016927083333333332 0.03125
3 0.5377604166666666 0.3841145833333333 0.015625 0.029947916666666668