2 0.7434895833333334 0.69140625 0.08072916666666667 0.09244791666666667
0 0.6106770833333334 0.77734375 0.07552083333333333 0.12890625
4 0.65625 0.4778645833333333 0.0234375 0.04296875
4 0.7057291666666666 0.5260416666666666 0.0234375 0.040364583333333336
4 0.7825520833333334 0.42578125 0.026041666666666668 0.044270833333333336
3 0.5078125 0.5403645833333334 0.014322916666666666 0.024739583333333332
3 0.5052083333333334 0.4713541666666667 0.015625 0.0234375
3 0.4427083333333333 0.5416666666666666 0.013020833333333334 0.022135416666666668
3 0.4765625 0.4713541666666667 0.014322916666666666 0.0234375
3 0.4440104166666667 0.4700520833333333 0.015625 0.024739583333333332
3 0.4752604166666667 0.5416666666666666 0.013020833333333334 0.020833333333333332
4 0.75 0.375 0.026041666666666668 0.044270833333333336
1 0.5846354166666666 0.34375 0.020833333333333332 0.037760416666666664
1 0.5546875 0.37109375 0.020833333333333332 0.040364583333333336
1 0.5690104166666666 0.3059895833333333 0.020833333333333332 0.04296875
1 0.5546875 0.26171875 0.020833333333333332 0.040364583333333336
1 0.5260416666666666 0.2916666666666667 0.020833333333333332 0.03515625
1 0.5403645833333334 0.3307291666666667 0.0234375 0.0390625