0 0.61328125 0.7799479166666666 0.07552083333333333 0.12890625
3 0.44140625 0.5416666666666666 0.014322916666666666 0.0234375
3 0.4739583333333333 0.5403645833333334 0.014322916666666666 0.022135416666666668
3 0.44140625 0.4700520833333333 0.013020833333333334 0.0234375
3 0.4622395833333333 0.47265625 0.01171875 0.0234375
3 0.4765625 0.4739583333333333 0.013020833333333334 0.024739583333333332
1 0.5546875 0.3697916666666667 0.020833333333333332 0.044270833333333336
1 0.5403645833333334 0.3294270833333333 0.026041666666666668 0.041666666666666664
1 0.52734375 0.2916666666666667 0.016927083333333332 0.029947916666666668
1 0.56640625 0.3033854166666667 0.022135416666666668 0.041666666666666664
1 0.5768229166666666 0.3372395833333333 0.014322916666666666 0.029947916666666668