0 0.7591145833333334 0.6197916666666666 0.09244791666666667 0.13151041666666666
4 0.6419270833333334 0.359375 0.028645833333333332 0.049479166666666664
4 0.6119791666666666 0.3815104166666667 0.028645833333333332 0.046875
4 0.6328125 0.3138020833333333 0.026041666666666668 0.049479166666666664
4 0.62109375 0.421875 0.02734375 0.048177083333333336
4 0.65234375 0.40625 0.026041666666666668 0.048177083333333336
3 0.6302083333333334 0.5520833333333334 0.018229166666666668 0.029947916666666668
3 0.5638020833333334 0.5533854166666666 0.018229166666666668 0.03125
3 0.5638020833333334 0.625 0.020833333333333332 0.029947916666666668
4 0.6028645833333334 0.33203125 0.02734375 0.05078125
3 0.6302083333333334 0.62109375 0.014322916666666666 0.02734375
3 0.59765625 0.6223958333333334 0.016927083333333332 0.02734375
2 0.43359375 0.4856770833333333 0.06380208333333333 0.1328125
3 0.5989583333333334 0.5533854166666666 0.018229166666666668 0.036458333333333336