4 0.5104166666666666 0.62109375 0.026041666666666668 0.05078125
4 0.4856770833333333 0.6171875 0.024739583333333332 0.052083333333333336
4 0.515625 0.6770833333333334 0.026041666666666668 0.052083333333333336
4 0.48828125 0.6783854166666666 0.026041666666666668 0.05078125
4 0.4596354166666667 0.62109375 0.0234375 0.05078125
3 0.53515625 0.3580729166666667 0.016927083333333332 0.032552083333333336
3 0.6028645833333334 0.3567708333333333 0.016927083333333332 0.03515625
4 0.4557291666666667 0.6744791666666666 0.026041666666666668 0.048177083333333336
3 0.6041666666666666 0.4244791666666667 0.015625 0.033854166666666664
3 0.53515625 0.42578125 0.016927083333333332 0.03125
2 0.59375 0.6588541666666666 0.07552083333333333 0.09375
3 0.5703125 0.4231770833333333 0.018229166666666668 0.029947916666666668
3 0.5651041666666666 0.36328125 0.016927083333333332 0.029947916666666668
0 0.7486979166666666 0.4544270833333333 0.078125 0.14453125