0 0.7604166666666666 0.62109375 0.08984375 0.13541666666666666
4 0.6419270833333334 0.64453125 0.02734375 0.053385416666666664
4 0.58203125 0.59375 0.024739583333333332 0.048177083333333336
4 0.640625 0.5911458333333334 0.024739583333333332 0.049479166666666664
4 0.6106770833333334 0.5911458333333334 0.024739583333333332 0.049479166666666664
4 0.6119791666666666 0.6536458333333334 0.026041666666666668 0.053385416666666664
4 0.5833333333333334 0.65625 0.026041666666666668 0.059895833333333336
3 0.4700520833333333 0.4479166666666667 0.016927083333333332 0.03125
3 0.5364583333333334 0.375 0.018229166666666668 0.028645833333333332
3 0.5390625 0.44140625 0.015625 0.033854166666666664
3 0.5065104166666666 0.3802083333333333 0.01953125 0.024739583333333332
3 0.5052083333333334 0.4427083333333333 0.01953125 0.044270833333333336
3 0.4713541666666667 0.37890625 0.01953125 0.041666666666666664
2 0.60546875 0.3697916666666667 0.06510416666666667 0.13932291666666666