2 0.7786458333333334 0.3802083333333333 0.08072916666666667 0.09635416666666667
0 0.6940104166666666 0.7356770833333334 0.07942708333333333 0.13020833333333334
4 0.65625 0.4752604166666667 0.024739583333333332 0.045572916666666664
4 0.7057291666666666 0.5247395833333334 0.0234375 0.041666666666666664
4 0.6940104166666666 0.44140625 0.024739583333333332 0.04296875
4 0.4270833333333333 0.3971354166666667 0.01953125 0.040364583333333336
4 0.4700520833333333 0.3723958333333333 0.022135416666666668 0.044270833333333336
3 0.5208333333333334 0.6236979166666666 0.015625 0.026041666666666668
3 0.57421875 0.7291666666666666 0.015625 0.0234375
1 0.4505208333333333 0.5091145833333334 0.01953125 0.0390625
3 0.5833333333333334 0.6653645833333334 0.016927083333333332 0.029947916666666668
3 0.5065104166666666 0.6888020833333334 0.014322916666666666 0.0234375
1 0.4375 0.5455729166666666 0.01953125 0.036458333333333336
1 0.4635416666666667 0.5807291666666666 0.01953125 0.036458333333333336
1 0.421875 0.5911458333333334 0.018229166666666668 0.03515625
1 0.4778645833333333 0.546875 0.020833333333333332 0.03515625
1 0.4505208333333333 0.62890625 0.01953125 0.03515625
3 0.5546875 0.6497395833333334 0.014322916666666666 0.024739583333333332
4 0.5208333333333334 0.54296875 0.015625 0.041666666666666664
3 0.5364583333333334 0.7122395833333334 0.018229166666666668 0.033854166666666664