2 0.4739583333333333 0.5546875 0.07161458333333333 0.09375
4 0.5703125 0.4036458333333333 0.026041666666666668 0.049479166666666664
4 0.5950520833333334 0.3450520833333333 0.0234375 0.045572916666666664
4 0.5703125 0.3502604166666667 0.0234375 0.045572916666666664
4 0.62109375 0.3997395833333333 0.02734375 0.053385416666666664
4 0.6171875 0.3528645833333333 0.026041666666666668 0.048177083333333336
4 0.59765625 0.4036458333333333 0.026041666666666668 0.052083333333333336
0 0.7447916666666666 0.4583333333333333 0.08203125 0.12890625
3 0.5651041666666666 0.6171875 0.020833333333333332 0.029947916666666668
3 0.5651041666666666 0.5481770833333334 0.01953125 0.029947916666666668
3 0.62890625 0.5455729166666666 0.01953125 0.03125
3 0.5989583333333334 0.6158854166666666 0.016927083333333332 0.02734375
3 0.5989583333333334 0.5494791666666666 0.016927083333333332 0.03125
3 0.62890625 0.6158854166666666 0.01953125 0.029947916666666668