2 0.45703125 0.70703125 0.07552083333333333 0.10026041666666667
4 0.58984375 0.5455729166666666 0.0234375 0.044270833333333336
4 0.4466145833333333 0.5520833333333334 0.020833333333333332 0.045572916666666664
4 0.63671875 0.6380208333333334 0.022135416666666668 0.041666666666666664
4 0.48046875 0.5859375 0.020833333333333332 0.044270833333333336
0 0.5638020833333334 0.38671875 0.08072916666666667 0.13541666666666666
4 0.54296875 0.54296875 0.022135416666666668 0.04296875
4 0.6354166666666666 0.23958333333333334 0.022135416666666668 0.044270833333333336
1 0.73046875 0.265625 0.022135416666666668 0.041666666666666664
1 0.7239583333333334 0.3138020833333333 0.0234375 0.041666666666666664
1 0.7174479166666666 0.359375 0.024739583333333332 0.0390625
1 0.75390625 0.3671875 0.0234375 0.040364583333333336
1 0.7643229166666666 0.2734375 0.022135416666666668 0.041666666666666664
3 0.60546875 0.7265625 0.016927083333333332 0.026041666666666668
1 0.7591145833333334 0.32421875 0.024739583333333332 0.040364583333333336
3 0.5833333333333334 0.7760416666666666 0.015625 0.024739583333333332
3 0.5768229166666666 0.6848958333333334 0.015625 0.029947916666666668
3 0.5325520833333334 0.7786458333333334 0.015625 0.0234375
3 0.5625 0.8229166666666666 0.013020833333333334 0.0234375
3 0.5546875 0.73046875 0.015625 0.03125