2 0.5911458333333334 0.6666666666666666 0.07682291666666667 0.09765625
0 0.74609375 0.6432291666666666 0.09505208333333333 0.13802083333333334
4 0.4609375 0.6223958333333334 0.0234375 0.049479166666666664
4 0.5091145833333334 0.6263020833333334 0.024739583333333332 0.05078125
4 0.4869791666666667 0.62109375 0.024739583333333332 0.052083333333333336
4 0.5143229166666666 0.6809895833333334 0.026041666666666668 0.05078125
4 0.4557291666666667 0.6744791666666666 0.0234375 0.049479166666666664
4 0.4869791666666667 0.6822916666666666 0.026041666666666668 0.048177083333333336
3 0.57421875 0.42578125 0.018229166666666668 0.033854166666666664
3 0.640625 0.3515625 0.016927083333333332 0.033854166666666664
3 0.609375 0.42578125 0.016927083333333332 0.029947916666666668
3 0.5729166666666666 0.359375 0.016927083333333332 0.033854166666666664
3 0.6041666666666666 0.3580729166666667 0.018229166666666668 0.03125
3 0.6419270833333334 0.421875 0.016927083333333332 0.033854166666666664