4 0.5104166666666666 0.62109375 0.024739583333333332 0.05078125
4 0.4856770833333333 0.6171875 0.026041666666666668 0.053385416666666664
4 0.515625 0.6770833333333334 0.02734375 0.052083333333333336
3 0.53515625 0.3580729166666667 0.015625 0.032552083333333336
4 0.4895833333333333 0.6770833333333334 0.026041666666666668 0.05078125
4 0.4596354166666667 0.62109375 0.0234375 0.05078125
2 0.59375 0.66015625 0.07682291666666667 0.09635416666666667
3 0.6028645833333334 0.3567708333333333 0.016927083333333332 0.03515625
4 0.45703125 0.6744791666666666 0.026041666666666668 0.049479166666666664
3 0.53515625 0.4270833333333333 0.016927083333333332 0.032552083333333336
3 0.6041666666666666 0.4270833333333333 0.014322916666666666 0.029947916666666668
3 0.5703125 0.4231770833333333 0.016927083333333332 0.029947916666666668
3 0.5677083333333334 0.3606770833333333 0.018229166666666668 0.02734375
0 0.73828125 0.4583333333333333 0.07942708333333333 0.12109375