0 0.6080729166666666 0.3580729166666667 0.07942708333333333 0.13541666666666666
4 0.4817708333333333 0.6015625 0.022135416666666668 0.048177083333333336
4 0.5911458333333334 0.5559895833333334 0.022135416666666668 0.045572916666666664
4 0.6458333333333334 0.5325520833333334 0.0234375 0.045572916666666664
4 0.4348958333333333 0.3268229166666667 0.022135416666666668 0.041666666666666664
4 0.484375 0.3606770833333333 0.020833333333333332 0.040364583333333336
4 0.6380208333333334 0.6549479166666666 0.022135416666666668 0.04296875
3 0.4635416666666667 0.4661458333333333 0.015625 0.028645833333333332
2 0.7942708333333334 0.4036458333333333 0.07682291666666667 0.14973958333333334
3 0.3997395833333333 0.4583333333333333 0.015625 0.028645833333333332
3 0.4322916666666667 0.4622395833333333 0.014322916666666666 0.02734375
1 0.4453125 0.7135416666666666 0.020833333333333332 0.041666666666666664
3 0.4583333333333333 0.5338541666666666 0.016927083333333332 0.02734375
1 0.4348958333333333 0.828125 0.022135416666666668 0.0390625
3 0.39453125 0.5247395833333334 0.015625 0.026041666666666668
3 0.4270833333333333 0.5299479166666666 0.015625 0.024739583333333332
1 0.4674479166666667 0.75390625 0.022135416666666668 0.041666666666666664
1 0.4518229166666667 0.7903645833333334 0.022135416666666668 0.04296875
1 0.4088541666666667 0.7903645833333334 0.022135416666666668 0.0390625
1 0.42578125 0.7526041666666666 0.0234375 0.0390625