0 0.6119791666666666 0.7734375 0.078125 0.13020833333333334
2 0.77734375 0.6809895833333334 0.07942708333333333 0.10026041666666667
3 0.50390625 0.4700520833333333 0.016927083333333332 0.02734375
3 0.4752604166666667 0.5403645833333334 0.014322916666666666 0.0234375
3 0.5078125 0.5390625 0.015625 0.024739583333333332
3 0.44140625 0.5403645833333334 0.014322916666666666 0.0234375
3 0.4752604166666667 0.4700520833333333 0.015625 0.02734375
3 0.44140625 0.4700520833333333 0.015625 0.02734375
4 0.65625 0.4778645833333333 0.0234375 0.044270833333333336
4 0.4700520833333333 0.3736979166666667 0.022135416666666668 0.044270833333333336
4 0.5989583333333334 0.4856770833333333 0.0234375 0.045572916666666664
4 0.6953125 0.4427083333333333 0.024739583333333332 0.045572916666666664
4 0.7044270833333334 0.52734375 0.0234375 0.04296875
4 0.6510416666666666 0.35546875 0.024739583333333332 0.044270833333333336
1 0.5546875 0.2552083333333333 0.026041666666666668 0.04296875
1 0.5651041666666666 0.30078125 0.020833333333333332 0.040364583333333336
1 0.5260416666666666 0.2903645833333333 0.01953125 0.032552083333333336
1 0.5416666666666666 0.3268229166666667 0.01953125 0.03515625
1 0.5546875 0.3671875 0.024739583333333332 0.044270833333333336
1 0.58203125 0.3411458333333333 0.022135416666666668 0.0390625