0 0.7604166666666666 0.6184895833333334 0.08984375 0.13151041666666666
4 0.58203125 0.5950520833333334 0.026041666666666668 0.049479166666666664
4 0.6419270833333334 0.6432291666666666 0.02734375 0.052083333333333336
4 0.6393229166666666 0.5911458333333334 0.024739583333333332 0.052083333333333336
4 0.5833333333333334 0.6536458333333334 0.024739583333333332 0.057291666666666664
4 0.6119791666666666 0.65234375 0.026041666666666668 0.052083333333333336
4 0.609375 0.5911458333333334 0.024739583333333332 0.048177083333333336
3 0.5364583333333334 0.3984375 0.014322916666666666 0.024739583333333332
3 0.5377604166666666 0.4674479166666667 0.016927083333333332 0.024739583333333332
3 0.4700520833333333 0.47265625 0.013020833333333334 0.0234375
3 0.5026041666666666 0.4010416666666667 0.014322916666666666 0.0234375
2 0.6158854166666666 0.3580729166666667 0.061197916666666664 0.15104166666666666
3 0.5026041666666666 0.4700520833333333 0.014322916666666666 0.026041666666666668
3 0.46875 0.4049479166666667 0.015625 0.02734375