4 0.5338541666666666 0.375 0.024739583333333332 0.049479166666666664
4 0.55859375 0.3671875 0.024739583333333332 0.044270833333333336
4 0.5872395833333334 0.3684895833333333 0.022135416666666668 0.049479166666666664
4 0.5325520833333334 0.4270833333333333 0.024739583333333332 0.052083333333333336
4 0.5625 0.4309895833333333 0.02734375 0.048177083333333336
4 0.58984375 0.421875 0.026041666666666668 0.044270833333333336
3 0.6432291666666666 0.3424479166666667 0.01953125 0.029947916666666668
3 0.71484375 0.3372395833333333 0.016927083333333332 0.02734375
3 0.7135416666666666 0.3984375 0.018229166666666668 0.036458333333333336
2 0.5872395833333334 0.6640625 0.0859375 0.10416666666666667
0 0.7447916666666666 0.6471354166666666 0.10286458333333333 0.14192708333333334