0 0.60546875 0.3580729166666667 0.08463541666666667 0.14322916666666666
2 0.55859375 0.7278645833333334 0.0625 0.15755208333333334
4 0.4817708333333333 0.6015625 0.022135416666666668 0.048177083333333336
4 0.5911458333333334 0.5559895833333334 0.022135416666666668 0.048177083333333336
4 0.63671875 0.6549479166666666 0.0234375 0.044270833333333336
3 0.43359375 0.4609375 0.013020833333333334 0.02734375
3 0.3997395833333333 0.45703125 0.014322916666666666 0.028645833333333332
3 0.4622395833333333 0.46484375 0.015625 0.02734375
1 0.4453125 0.7161458333333334 0.020833333333333332 0.040364583333333336
3 0.39453125 0.5247395833333334 0.014322916666666666 0.02734375
3 0.4270833333333333 0.5299479166666666 0.015625 0.024739583333333332
4 0.6627604166666666 0.51171875 0.018229166666666668 0.036458333333333336
3 0.4583333333333333 0.5338541666666666 0.016927083333333332 0.028645833333333332
1 0.43359375 0.828125 0.020833333333333332 0.037760416666666664
1 0.4518229166666667 0.7903645833333334 0.022135416666666668 0.04296875
1 0.46875 0.75390625 0.020833333333333332 0.040364583333333336
1 0.4114583333333333 0.7916666666666666 0.020833333333333332 0.0390625
4 0.4427083333333333 0.3125 0.018229166666666668 0.03515625
4 0.734375 0.3294270833333333 0.0234375 0.040364583333333336
1 0.4244791666666667 0.7526041666666666 0.0234375 0.044270833333333336