0 0.6953125 0.73828125 0.07942708333333333 0.12890625
2 0.6354166666666666 0.3151041666666667 0.07682291666666667 0.09244791666666667
4 0.70703125 0.5260416666666666 0.022135416666666668 0.04296875
4 0.5130208333333334 0.3671875 0.020833333333333332 0.044270833333333336
4 0.5325520833333334 0.5390625 0.020833333333333332 0.041666666666666664
4 0.42578125 0.3971354166666667 0.022135416666666668 0.04296875
4 0.4713541666666667 0.3736979166666667 0.020833333333333332 0.04296875
4 0.5390625 0.4283854166666667 0.015625 0.0390625
3 0.5221354166666666 0.6263020833333334 0.015625 0.024739583333333332
1 0.4505208333333333 0.5065104166666666 0.01953125 0.0390625
3 0.5078125 0.6888020833333334 0.013020833333333334 0.022135416666666668
1 0.4453125 0.62109375 0.0234375 0.040364583333333336
3 0.5716145833333334 0.73046875 0.013020833333333334 0.024739583333333332
1 0.4765625 0.54296875 0.0234375 0.036458333333333336
3 0.5833333333333334 0.66796875 0.015625 0.029947916666666668
1 0.4231770833333333 0.5872395833333334 0.01953125 0.033854166666666664
3 0.5546875 0.6471354166666666 0.014322916666666666 0.0234375
1 0.4348958333333333 0.5481770833333334 0.022135416666666668 0.037760416666666664
1 0.4596354166666667 0.5794270833333334 0.026041666666666668 0.036458333333333336
3 0.5377604166666666 0.7109375 0.014322916666666666 0.029947916666666668