0 0.7669270833333334 0.6236979166666666 0.08203125 0.13802083333333334
4 0.6419270833333334 0.6419270833333334 0.026041666666666668 0.052083333333333336
4 0.6393229166666666 0.58984375 0.024739583333333332 0.05078125
4 0.58203125 0.59375 0.024739583333333332 0.048177083333333336
4 0.5833333333333334 0.6536458333333334 0.026041666666666668 0.057291666666666664
3 0.4713541666666667 0.4453125 0.015625 0.032552083333333336
4 0.6119791666666666 0.65234375 0.02734375 0.053385416666666664
4 0.6119791666666666 0.58984375 0.024739583333333332 0.049479166666666664
3 0.53515625 0.375 0.016927083333333332 0.028645833333333332
3 0.5377604166666666 0.44140625 0.018229166666666668 0.033854166666666664
3 0.5013020833333334 0.375 0.013020833333333334 0.022135416666666668
3 0.4700520833333333 0.3776041666666667 0.013020833333333334 0.02734375
3 0.50390625 0.4466145833333333 0.014322916666666666 0.032552083333333336
2 0.6041666666666666 0.3736979166666667 0.06640625 0.15104166666666666