4 0.5911458333333334 0.5546875 0.0234375 0.046875
2 0.7278645833333334 0.33203125 0.0625 0.140625
4 0.6393229166666666 0.6432291666666666 0.022135416666666668 0.044270833333333336
4 0.4830729166666667 0.6028645833333334 0.022135416666666668 0.046875
4 0.5442708333333334 0.5559895833333334 0.022135416666666668 0.045572916666666664
0 0.5625 0.3997395833333333 0.08333333333333333 0.13541666666666666
4 0.4466145833333333 0.5716145833333334 0.022135416666666668 0.046875
3 0.5338541666666666 0.7057291666666666 0.015625 0.026041666666666668
3 0.5065104166666666 0.6471354166666666 0.014322916666666666 0.026041666666666668
1 0.734375 0.7239583333333334 0.0234375 0.041666666666666664
1 0.7434895833333334 0.8255208333333334 0.0234375 0.040364583333333336
1 0.703125 0.73046875 0.022135416666666668 0.041666666666666664
1 0.7096354166666666 0.8294270833333334 0.0234375 0.0390625
1 0.7005208333333334 0.77734375 0.020833333333333332 0.0390625
3 0.4544270833333333 0.7096354166666666 0.014322916666666666 0.026041666666666668
3 0.5 0.7369791666666666 0.014322916666666666 0.0234375
1 0.7356770833333334 0.7747395833333334 0.028645833333333332 0.048177083333333336
3 0.4752604166666667 0.7760416666666666 0.013020833333333334 0.022135416666666668
3 0.4830729166666667 0.6783854166666666 0.013020833333333334 0.024739583333333332