4 0.5950520833333334 0.5598958333333334 0.022135416666666668 0.045572916666666664
4 0.4856770833333333 0.6041666666666666 0.020833333333333332 0.045572916666666664
4 0.6770833333333334 0.5104166666666666 0.0234375 0.04296875
4 0.640625 0.66015625 0.024739583333333332 0.044270833333333336
4 0.7513020833333334 0.4283854166666667 0.0234375 0.041666666666666664
4 0.7434895833333334 0.3346354166666667 0.0234375 0.040364583333333336
2 0.5638020833333334 0.7317708333333334 0.059895833333333336 0.15755208333333334
3 0.4583333333333333 0.23046875 0.013020833333333334 0.026041666666666668
1 0.4153645833333333 0.7291666666666666 0.022135416666666668 0.041666666666666664
3 0.49609375 0.35546875 0.015625 0.026041666666666668
3 0.4375 0.2942708333333333 0.013020833333333334 0.024739583333333332
1 0.4270833333333333 0.6888020833333334 0.020833333333333332 0.040364583333333336
3 0.5130208333333334 0.296875 0.014322916666666666 0.024739583333333332
3 0.46484375 0.3268229166666667 0.014322916666666666 0.0234375
1 0.4544270833333333 0.7265625 0.022135416666666668 0.04296875
1 0.3984375 0.77734375 0.020833333333333332 0.04296875
1 0.4388020833333333 0.76953125 0.022135416666666668 0.044270833333333336
1 0.4231770833333333 0.8072916666666666 0.022135416666666668 0.04296875
3 0.4895833333333333 0.2604166666666667 0.014322916666666666 0.03515625
0 0.6536458333333334 0.3190104166666667 0.07682291666666667 0.14192708333333334