0 0.6119791666666666 0.7786458333333334 0.07552083333333333 0.13151041666666666
2 0.7552083333333334 0.6901041666666666 0.07942708333333333 0.09375
4 0.4713541666666667 0.3723958333333333 0.022135416666666668 0.044270833333333336
4 0.6510416666666666 0.3541666666666667 0.024739583333333332 0.04296875
4 0.6940104166666666 0.4427083333333333 0.024739583333333332 0.041666666666666664
4 0.7057291666666666 0.5286458333333334 0.024739583333333332 0.045572916666666664
3 0.5078125 0.5403645833333334 0.014322916666666666 0.024739583333333332
3 0.5052083333333334 0.4713541666666667 0.015625 0.024739583333333332
3 0.4752604166666667 0.5416666666666666 0.014322916666666666 0.020833333333333332
3 0.4427083333333333 0.5416666666666666 0.014322916666666666 0.022135416666666668
4 0.5963541666666666 0.4934895833333333 0.018229166666666668 0.033854166666666664
3 0.4440104166666667 0.4700520833333333 0.015625 0.024739583333333332
3 0.4752604166666667 0.4713541666666667 0.014322916666666666 0.0234375
4 0.6627604166666666 0.46484375 0.022135416666666668 0.03125