2 0.7291666666666666 0.3333333333333333 0.0625 0.140625
0 0.6080729166666666 0.3580729166666667 0.07942708333333333 0.13671875
4 0.5911458333333334 0.5546875 0.0234375 0.046875
4 0.6458333333333334 0.5325520833333334 0.0234375 0.044270833333333336
4 0.4817708333333333 0.6015625 0.020833333333333332 0.048177083333333336
4 0.6380208333333334 0.6549479166666666 0.022135416666666668 0.04296875
4 0.4856770833333333 0.3606770833333333 0.01953125 0.040364583333333336
1 0.4453125 0.71484375 0.01953125 0.041666666666666664
1 0.43359375 0.828125 0.020833333333333332 0.037760416666666664
1 0.46875 0.7526041666666666 0.022135416666666668 0.0390625
1 0.41015625 0.79296875 0.022135416666666668 0.040364583333333336
3 0.39453125 0.5247395833333334 0.015625 0.02734375
1 0.4505208333333333 0.7903645833333334 0.022135416666666668 0.04296875
3 0.4270833333333333 0.5299479166666666 0.015625 0.026041666666666668
3 0.4583333333333333 0.5338541666666666 0.015625 0.02734375
3 0.3984375 0.4557291666666667 0.013020833333333334 0.0234375
1 0.4505208333333333 0.7916666666666666 0.020833333333333332 0.04296875
1 0.4244791666666667 0.75390625 0.026041666666666668 0.041666666666666664