4 0.5325520833333334 0.5390625 0.022135416666666668 0.04296875
4 0.54296875 0.42578125 0.022135416666666668 0.04296875
4 0.5143229166666666 0.3684895833333333 0.022135416666666668 0.044270833333333336
4 0.42578125 0.3971354166666667 0.022135416666666668 0.04296875
4 0.4700520833333333 0.3723958333333333 0.020833333333333332 0.044270833333333336
0 0.828125 0.5859375 0.09505208333333333 0.13020833333333334
2 0.6471354166666666 0.3125 0.057291666666666664 0.08984375
1 0.4505208333333333 0.5091145833333334 0.01953125 0.0390625
3 0.5221354166666666 0.625 0.014322916666666666 0.026041666666666668
1 0.4778645833333333 0.5442708333333334 0.01953125 0.03515625
1 0.4505208333333333 0.6236979166666666 0.018229166666666668 0.032552083333333336
1 0.421875 0.5859375 0.01953125 0.033854166666666664
1 0.4622395833333333 0.5794270833333334 0.01953125 0.03515625
3 0.5546875 0.6471354166666666 0.014322916666666666 0.0234375
3 0.58203125 0.6666666666666666 0.015625 0.02734375
3 0.5078125 0.6888020833333334 0.013020833333333334 0.0234375
1 0.4375 0.5481770833333334 0.020833333333333332 0.037760416666666664
3 0.57421875 0.7291666666666666 0.014322916666666666 0.0234375
3 0.5390625 0.7122395833333334 0.015625 0.037760416666666664