0 0.7552083333333334 0.7161458333333334 0.07682291666666667 0.12760416666666666
4 0.42578125 0.3971354166666667 0.022135416666666668 0.04296875
2 0.625 0.3111979166666667 0.057291666666666664 0.10026041666666667
4 0.5325520833333334 0.5390625 0.022135416666666668 0.044270833333333336
4 0.4713541666666667 0.3736979166666667 0.020833333333333332 0.04296875
4 0.7057291666666666 0.52734375 0.0234375 0.040364583333333336
1 0.4505208333333333 0.5052083333333334 0.018229166666666668 0.0390625
1 0.44921875 0.6263020833333334 0.018229166666666668 0.03125
3 0.5221354166666666 0.625 0.014322916666666666 0.024739583333333332
4 0.5026041666666666 0.37109375 0.015625 0.032552083333333336
3 0.5065104166666666 0.6888020833333334 0.013020833333333334 0.022135416666666668
3 0.57421875 0.73046875 0.014322916666666666 0.0234375
1 0.48046875 0.5455729166666666 0.01953125 0.03515625
1 0.421875 0.5859375 0.018229166666666668 0.032552083333333336
3 0.5833333333333334 0.66796875 0.015625 0.02734375
3 0.5546875 0.6471354166666666 0.013020833333333334 0.022135416666666668
1 0.4635416666666667 0.5807291666666666 0.01953125 0.033854166666666664
1 0.4388020833333333 0.546875 0.020833333333333332 0.036458333333333336
3 0.5403645833333334 0.7161458333333334 0.015625 0.0234375