2 0.6067708333333334 0.3763020833333333 0.06510416666666667 0.14583333333333334
0 0.7669270833333334 0.6223958333333334 0.08723958333333333 0.1328125
4 0.6484375 0.6471354166666666 0.024739583333333332 0.048177083333333336
4 0.58984375 0.6640625 0.024739583333333332 0.05078125
4 0.6184895833333334 0.66015625 0.026041666666666668 0.05078125
4 0.64453125 0.5950520833333334 0.0234375 0.046875
4 0.5872395833333334 0.6015625 0.0234375 0.046875
4 0.6158854166666666 0.59765625 0.0234375 0.046875
3 0.47265625 0.4583333333333333 0.018229166666666668 0.032552083333333336
3 0.5052083333333334 0.3880208333333333 0.015625 0.02734375
3 0.5078125 0.4505208333333333 0.016927083333333332 0.0390625
3 0.47265625 0.3958333333333333 0.015625 0.029947916666666668