0 0.7604166666666666 0.62109375 0.09114583333333333 0.13411458333333334
4 0.6419270833333334 0.6432291666666666 0.026041666666666668 0.052083333333333336
4 0.5846354166666666 0.6549479166666666 0.0234375 0.057291666666666664
4 0.61328125 0.6549479166666666 0.02734375 0.055989583333333336
4 0.609375 0.5911458333333334 0.022135416666666668 0.048177083333333336
4 0.6380208333333334 0.5911458333333334 0.022135416666666668 0.049479166666666664
3 0.5325520833333334 0.5364583333333334 0.01953125 0.037760416666666664
3 0.5442708333333334 0.5963541666666666 0.018229166666666668 0.032552083333333336
4 0.58203125 0.5989583333333334 0.0234375 0.046875
3 0.5 0.5559895833333334 0.01171875 0.0234375
3 0.5143229166666666 0.6223958333333334 0.013020833333333334 0.022135416666666668
3 0.4674479166666667 0.5768229166666666 0.013020833333333334 0.020833333333333332
3 0.4817708333333333 0.6432291666666666 0.015625 0.0234375
2 0.4713541666666667 0.4036458333333333 0.053385416666666664 0.1328125