0 0.6953125 0.73828125 0.07942708333333333 0.12630208333333334
2 0.6380208333333334 0.3151041666666667 0.07552083333333333 0.09114583333333333
4 0.54296875 0.4270833333333333 0.022135416666666668 0.04296875
4 0.5143229166666666 0.3684895833333333 0.022135416666666668 0.04296875
4 0.70703125 0.5260416666666666 0.022135416666666668 0.041666666666666664
4 0.5325520833333334 0.5390625 0.020833333333333332 0.041666666666666664
4 0.42578125 0.3971354166666667 0.022135416666666668 0.04296875
4 0.4713541666666667 0.3736979166666667 0.020833333333333332 0.04296875
1 0.4505208333333333 0.5052083333333334 0.01953125 0.0390625
3 0.5221354166666666 0.6263020833333334 0.014322916666666666 0.024739583333333332
3 0.5078125 0.6888020833333334 0.013020833333333334 0.0234375
1 0.4778645833333333 0.5455729166666666 0.01953125 0.03515625
1 0.4505208333333333 0.6236979166666666 0.018229166666666668 0.033854166666666664
1 0.4231770833333333 0.5859375 0.01953125 0.033854166666666664
3 0.5755208333333334 0.7291666666666666 0.015625 0.024739583333333332
1 0.4622395833333333 0.5807291666666666 0.01953125 0.03515625
3 0.5833333333333334 0.66796875 0.015625 0.029947916666666668
1 0.4388020833333333 0.546875 0.01953125 0.037760416666666664
3 0.5546875 0.6471354166666666 0.014322916666666666 0.0234375
3 0.5390625 0.7096354166666666 0.015625 0.033854166666666664