4 0.5911458333333334 0.5546875 0.0234375 0.046875
2 0.7265625 0.3333333333333333 0.06640625 0.140625
4 0.640625 0.64453125 0.022135416666666668 0.044270833333333336
4 0.4453125 0.5716145833333334 0.022135416666666668 0.045572916666666664
4 0.4830729166666667 0.6028645833333334 0.022135416666666668 0.046875
4 0.5442708333333334 0.5559895833333334 0.022135416666666668 0.045572916666666664
0 0.5638020833333334 0.3997395833333333 0.08333333333333333 0.13671875
3 0.5052083333333334 0.6471354166666666 0.014322916666666666 0.026041666666666668
3 0.5338541666666666 0.7057291666666666 0.015625 0.026041666666666668
3 0.5013020833333334 0.7369791666666666 0.014322916666666666 0.022135416666666668
3 0.4544270833333333 0.7096354166666666 0.014322916666666666 0.026041666666666668
3 0.4752604166666667 0.77734375 0.013020833333333334 0.022135416666666668
1 0.6809895833333334 0.7421875 0.0234375 0.04296875
1 0.68359375 0.7916666666666666 0.0234375 0.041666666666666664
3 0.4830729166666667 0.6796875 0.013020833333333334 0.024739583333333332
1 0.7135416666666666 0.7916666666666666 0.0234375 0.041666666666666664
1 0.6861979166666666 0.8411458333333334 0.022135416666666668 0.040364583333333336
1 0.72265625 0.83984375 0.024739583333333332 0.040364583333333336
1 0.7122395833333334 0.7395833333333334 0.03125 0.05078125