0 0.6067708333333334 0.3580729166666667 0.08333333333333333 0.140625
4 0.4817708333333333 0.6015625 0.022135416666666668 0.046875
4 0.43359375 0.3268229166666667 0.022135416666666668 0.04296875
2 0.6809895833333334 0.6614583333333334 0.078125 0.17057291666666666
3 0.4622395833333333 0.4661458333333333 0.015625 0.02734375
3 0.3997395833333333 0.45703125 0.014322916666666666 0.02734375
3 0.43359375 0.4622395833333333 0.014322916666666666 0.024739583333333332
1 0.43359375 0.828125 0.022135416666666668 0.0390625
3 0.4583333333333333 0.5338541666666666 0.016927083333333332 0.02734375
1 0.4453125 0.7135416666666666 0.01953125 0.041666666666666664
3 0.4270833333333333 0.5299479166666666 0.015625 0.024739583333333332
3 0.39453125 0.5247395833333334 0.015625 0.026041666666666668
1 0.41015625 0.7916666666666666 0.022135416666666668 0.0390625
1 0.46875 0.75390625 0.0234375 0.040364583333333336
4 0.6510416666666666 0.5325520833333334 0.01953125 0.044270833333333336
1 0.4518229166666667 0.7916666666666666 0.022135416666666668 0.041666666666666664
4 0.6328125 0.65625 0.016927083333333332 0.040364583333333336
1 0.42578125 0.75390625 0.024739583333333332 0.041666666666666664