2 0.6106770833333334 0.3541666666666667 0.06640625 0.15234375
0 0.76171875 0.6197916666666666 0.08463541666666667 0.12890625
4 0.6119791666666666 0.65234375 0.026041666666666668 0.053385416666666664
4 0.6432291666666666 0.640625 0.024739583333333332 0.05078125
4 0.5846354166666666 0.6549479166666666 0.026041666666666668 0.055989583333333336
4 0.6393229166666666 0.58984375 0.0234375 0.049479166666666664
4 0.6106770833333334 0.5911458333333334 0.0234375 0.048177083333333336
4 0.5846354166666666 0.59375 0.0234375 0.045572916666666664
3 0.4661458333333333 0.59375 0.01171875 0.0234375
3 0.5364583333333334 0.5403645833333334 0.018229166666666668 0.032552083333333336
3 0.5026041666666666 0.5338541666666666 0.016927083333333332 0.028645833333333332
3 0.4700520833333333 0.5260416666666666 0.01171875 0.020833333333333332
3 0.5013020833333334 0.6015625 0.014322916666666666 0.024739583333333332
3 0.5364583333333334 0.6041666666666666 0.016927083333333332 0.029947916666666668