2 0.7434895833333334 0.69140625 0.08072916666666667 0.09244791666666667
0 0.6119791666666666 0.7786458333333334 0.07552083333333333 0.13020833333333334
4 0.65625 0.4765625 0.024739583333333332 0.041666666666666664
4 0.6940104166666666 0.4427083333333333 0.0234375 0.041666666666666664
4 0.7825520833333334 0.4244791666666667 0.024739583333333332 0.04296875
4 0.6510416666666666 0.3580729166666667 0.0234375 0.041666666666666664
4 0.7044270833333334 0.52734375 0.022135416666666668 0.040364583333333336
3 0.5078125 0.5403645833333334 0.014322916666666666 0.024739583333333332
3 0.5052083333333334 0.4713541666666667 0.015625 0.024739583333333332
3 0.4752604166666667 0.5416666666666666 0.014322916666666666 0.020833333333333332
3 0.4427083333333333 0.5416666666666666 0.014322916666666666 0.0234375
3 0.4765625 0.4713541666666667 0.014322916666666666 0.0234375
3 0.4440104166666667 0.4700520833333333 0.015625 0.024739583333333332
1 0.5677083333333334 0.3072916666666667 0.020833333333333332 0.04296875
1 0.5546875 0.37109375 0.020833333333333332 0.040364583333333336
1 0.5846354166666666 0.34375 0.020833333333333332 0.037760416666666664
1 0.5533854166666666 0.2604166666666667 0.020833333333333332 0.044270833333333336
1 0.5442708333333334 0.328125 0.01953125 0.0390625
1 0.5247395833333334 0.2903645833333333 0.020833333333333332 0.036458333333333336
4 0.7044270833333334 0.3059895833333333 0.01953125 0.040364583333333336