0 0.7643229166666666 0.6236979166666666 0.07552083333333333 0.140625
3 0.6419270833333334 0.6419270833333334 0.026041666666666668 0.052083333333333336
3 0.6393229166666666 0.58984375 0.0234375 0.05078125
3 0.6119791666666666 0.6549479166666666 0.02734375 0.0546875
3 0.5859375 0.6575520833333334 0.024739583333333332 0.059895833333333336
3 0.61328125 0.58984375 0.022135416666666668 0.048177083333333336
2 0.4739583333333333 0.63671875 0.016927083333333332 0.029947916666666668
3 0.5833333333333334 0.5989583333333334 0.026041666666666668 0.045572916666666664
2 0.46875 0.5677083333333334 0.01171875 0.01953125
2 0.5013020833333334 0.5572916666666666 0.015625 0.024739583333333332
2 0.5325520833333334 0.5455729166666666 0.015625 0.026041666666666668
1 0.46875 0.4036458333333333 0.055989583333333336 0.14453125
2 0.54296875 0.61328125 0.014322916666666666 0.02734375
2 0.5078125 0.6263020833333334 0.013020833333333334 0.024739583333333332