2 0.7291666666666666 0.33203125 0.061197916666666664 0.14322916666666666
4 0.5911458333333334 0.5559895833333334 0.022135416666666668 0.046875
4 0.6458333333333334 0.5325520833333334 0.0234375 0.044270833333333336
4 0.63671875 0.65625 0.0234375 0.04296875
0 0.6067708333333334 0.359375 0.08072916666666667 0.13932291666666666
4 0.4817708333333333 0.6002604166666666 0.020833333333333332 0.044270833333333336
1 0.5690104166666666 0.7486979166666666 0.022135416666666668 0.046875
1 0.60546875 0.7109375 0.0234375 0.040364583333333336
1 0.6041666666666666 0.7578125 0.024739583333333332 0.045572916666666664
3 0.4583333333333333 0.53515625 0.015625 0.02734375
3 0.3984375 0.4557291666666667 0.013020833333333334 0.024739583333333332
3 0.4283854166666667 0.5299479166666666 0.015625 0.024739583333333332
3 0.39453125 0.5247395833333334 0.015625 0.026041666666666668
3 0.4322916666666667 0.4609375 0.01171875 0.024739583333333332
1 0.56640625 0.8020833333333334 0.020833333333333332 0.040364583333333336
1 0.6002604166666666 0.8059895833333334 0.026041666666666668 0.046875
4 0.4296875 0.3255208333333333 0.016927083333333332 0.0390625
1 0.57421875 0.7005208333333334 0.01953125 0.036458333333333336