2 0.58984375 0.6692708333333334 0.078125 0.10026041666666667
0 0.7434895833333334 0.6432291666666666 0.09635416666666667 0.13802083333333334
4 0.5846354166666666 0.3684895833333333 0.024739583333333332 0.046875
4 0.5338541666666666 0.4270833333333333 0.0234375 0.049479166666666664
4 0.5885416666666666 0.4231770833333333 0.024739583333333332 0.049479166666666664
3 0.64453125 0.3424479166666667 0.018229166666666668 0.028645833333333332
4 0.5611979166666666 0.4309895833333333 0.024739583333333332 0.048177083333333336
4 0.5338541666666666 0.3723958333333333 0.024739583333333332 0.044270833333333336
3 0.71484375 0.4036458333333333 0.015625 0.032552083333333336
3 0.6458333333333334 0.4114583333333333 0.016927083333333332 0.028645833333333332
4 0.5572916666666666 0.3697916666666667 0.0234375 0.045572916666666664