4 0.6380208333333334 0.3619791666666667 0.0234375 0.046875
4 0.60546875 0.3671875 0.0234375 0.045572916666666664
4 0.6106770833333334 0.4622395833333333 0.02734375 0.045572916666666664
0 0.7604166666666666 0.6197916666666666 0.08984375 0.13020833333333334
4 0.6393229166666666 0.41015625 0.02734375 0.046875
4 0.6432291666666666 0.4583333333333333 0.026041666666666668 0.046875
3 0.62890625 0.5494791666666666 0.018229166666666668 0.028645833333333332
3 0.5651041666666666 0.5546875 0.016927083333333332 0.033854166666666664
3 0.5989583333333334 0.6223958333333334 0.015625 0.026041666666666668
3 0.5651041666666666 0.6223958333333334 0.016927083333333332 0.032552083333333336
4 0.60546875 0.4166666666666667 0.02734375 0.040364583333333336
2 0.4713541666666667 0.40625 0.053385416666666664 0.13411458333333334
3 0.59765625 0.5572916666666666 0.013020833333333334 0.028645833333333332
3 0.6302083333333334 0.6263020833333334 0.01953125 0.037760416666666664