0 0.74609375 0.64453125 0.09765625 0.13541666666666666
2 0.58984375 0.6705729166666666 0.07942708333333333 0.10677083333333333
4 0.5625 0.43359375 0.024739583333333332 0.05078125
4 0.5859375 0.3697916666666667 0.0234375 0.046875
4 0.5572916666666666 0.3697916666666667 0.0234375 0.045572916666666664
3 0.6484375 0.4114583333333333 0.018229166666666668 0.028645833333333332
4 0.5338541666666666 0.3736979166666667 0.0234375 0.044270833333333336
3 0.6809895833333334 0.4088541666666667 0.015625 0.02734375
4 0.5338541666666666 0.4270833333333333 0.024739583333333332 0.046875
3 0.7122395833333334 0.3372395833333333 0.01953125 0.028645833333333332
4 0.58984375 0.4244791666666667 0.024739583333333332 0.049479166666666664
3 0.6484375 0.3411458333333333 0.016927083333333332 0.029947916666666668
3 0.7122395833333334 0.3984375 0.018229166666666668 0.033854166666666664
3 0.6731770833333334 0.33984375 0.016927083333333332 0.03125