2 0.55859375 0.6315104166666666 0.07682291666666667 0.1015625
0 0.7447916666666666 0.6419270833333334 0.09505208333333333 0.13802083333333334
4 0.5846354166666666 0.3697916666666667 0.024739583333333332 0.046875
4 0.5325520833333334 0.3723958333333333 0.0234375 0.044270833333333336
4 0.5338541666666666 0.4283854166666667 0.024739583333333332 0.049479166666666664
4 0.58984375 0.4244791666666667 0.026041666666666668 0.05078125
4 0.55859375 0.3697916666666667 0.0234375 0.045572916666666664
4 0.5611979166666666 0.4322916666666667 0.024739583333333332 0.046875
3 0.7135416666666666 0.3372395833333333 0.014322916666666666 0.029947916666666668
3 0.64453125 0.3411458333333333 0.015625 0.028645833333333332
3 0.71484375 0.4010416666666667 0.015625 0.032552083333333336