0 0.7161458333333334 0.6484375 0.0859375 0.13411458333333334
2 0.5533854166666666 0.6276041666666666 0.08072916666666667 0.09765625
3 0.6783854166666666 0.4088541666666667 0.016927083333333332 0.028645833333333332
3 0.7096354166666666 0.3372395833333333 0.01953125 0.02734375
3 0.6471354166666666 0.4127604166666667 0.018229166666666668 0.03125
3 0.7109375 0.4036458333333333 0.018229166666666668 0.033854166666666664
4 0.546875 0.4309895833333333 0.02734375 0.05078125
3 0.6432291666666666 0.3411458333333333 0.016927083333333332 0.028645833333333332
4 0.546875 0.3854166666666667 0.02734375 0.041666666666666664
4 0.578125 0.3815104166666667 0.024739583333333332 0.04296875
4 0.58203125 0.4270833333333333 0.028645833333333332 0.049479166666666664
4 0.54296875 0.3385416666666667 0.026041666666666668 0.046875
3 0.6744791666666666 0.33984375 0.015625 0.02734375
4 0.5768229166666666 0.3359375 0.024739583333333332 0.05078125