2 0.7421875 0.69140625 0.08072916666666667 0.09635416666666667
3 0.5091145833333334 0.5390625 0.016927083333333332 0.026041666666666668
4 0.7265625 0.4231770833333333 0.0234375 0.045572916666666664
4 0.7825520833333334 0.3723958333333333 0.026041666666666668 0.044270833333333336
4 0.7239583333333334 0.37109375 0.024739583333333332 0.045572916666666664
0 0.6106770833333334 0.7682291666666666 0.07942708333333333 0.14192708333333334
4 0.7565104166666666 0.37109375 0.022135416666666668 0.045572916666666664
4 0.7825520833333334 0.4244791666666667 0.024739583333333332 0.045572916666666664
3 0.4739583333333333 0.5403645833333334 0.015625 0.0234375
3 0.44140625 0.5390625 0.014322916666666666 0.0234375
3 0.5052083333333334 0.4713541666666667 0.016927083333333332 0.02734375
3 0.44140625 0.46875 0.015625 0.026041666666666668
3 0.4752604166666667 0.4700520833333333 0.014322916666666666 0.026041666666666668
4 0.7565104166666666 0.4244791666666667 0.0234375 0.044270833333333336
1 0.6731770833333334 0.3411458333333333 0.022135416666666668 0.041666666666666664
1 0.62109375 0.3424479166666667 0.0234375 0.044270833333333336
1 0.6197916666666666 0.40234375 0.024739583333333332 0.045572916666666664
1 0.6731770833333334 0.3971354166666667 0.022135416666666668 0.041666666666666664
1 0.64453125 0.4010416666666667 0.026041666666666668 0.04296875
1 0.6419270833333334 0.3424479166666667 0.022135416666666668 0.041666666666666664