4 0.5963541666666666 0.5598958333333334 0.022135416666666668 0.045572916666666664
4 0.4869791666666667 0.6067708333333334 0.020833333333333332 0.046875
0 0.6549479166666666 0.3255208333333333 0.078125 0.13411458333333334
2 0.5638020833333334 0.73046875 0.061197916666666664 0.15755208333333334
4 0.67578125 0.5091145833333334 0.022135416666666668 0.04296875
4 0.640625 0.6588541666666666 0.024739583333333332 0.044270833333333336
3 0.4674479166666667 0.4674479166666667 0.016927083333333332 0.02734375
4 0.7421875 0.3333333333333333 0.022135416666666668 0.037760416666666664
3 0.4635416666666667 0.5377604166666666 0.014322916666666666 0.024739583333333332
3 0.4401041666666667 0.4622395833333333 0.014322916666666666 0.02734375
3 0.4049479166666667 0.4596354166666667 0.014322916666666666 0.028645833333333332
3 0.43359375 0.5325520833333334 0.014322916666666666 0.024739583333333332
3 0.3997395833333333 0.52734375 0.014322916666666666 0.026041666666666668
1 0.4505208333333333 0.71484375 0.020833333333333332 0.040364583333333336
1 0.4375 0.8307291666666666 0.020833333333333332 0.0390625
1 0.4765625 0.7565104166666666 0.01953125 0.037760416666666664
4 0.7526041666666666 0.4348958333333333 0.018229166666666668 0.03125
1 0.4140625 0.79296875 0.020833333333333332 0.0390625
1 0.4309895833333333 0.7578125 0.022135416666666668 0.0390625
1 0.453125 0.7903645833333334 0.01953125 0.040364583333333336