2 0.58984375 0.66015625 0.08203125 0.09765625
4 0.5091145833333334 0.3697916666666667 0.026041666666666668 0.044270833333333336
4 0.5169270833333334 0.4244791666666667 0.024739583333333332 0.044270833333333336
4 0.4895833333333333 0.4322916666666667 0.024739583333333332 0.045572916666666664
0 0.7473958333333334 0.4557291666666667 0.08072916666666667 0.14322916666666666
4 0.4596354166666667 0.4309895833333333 0.022135416666666668 0.044270833333333336
4 0.4830729166666667 0.3723958333333333 0.0234375 0.044270833333333336
3 0.5546875 0.4661458333333333 0.01171875 0.02734375
3 0.62109375 0.4674479166666667 0.015625 0.029947916666666668
3 0.5872395833333334 0.4674479166666667 0.015625 0.02734375
3 0.5546875 0.5377604166666666 0.013020833333333334 0.020833333333333332
3 0.5885416666666666 0.5377604166666666 0.013020833333333334 0.020833333333333332
3 0.6223958333333334 0.53515625 0.014322916666666666 0.0234375
4 0.4583333333333333 0.37890625 0.022135416666666668 0.036458333333333336