2 0.46875 0.4010416666666667 0.0546875 0.15104166666666666
4 0.6119791666666666 0.6536458333333334 0.026041666666666668 0.053385416666666664
4 0.6432291666666666 0.640625 0.026041666666666668 0.053385416666666664
0 0.7630208333333334 0.6197916666666666 0.08463541666666667 0.13020833333333334
4 0.6380208333333334 0.5911458333333334 0.0234375 0.049479166666666664
4 0.6119791666666666 0.58984375 0.022135416666666668 0.046875
4 0.5846354166666666 0.6536458333333334 0.024739583333333332 0.055989583333333336
4 0.5846354166666666 0.5924479166666666 0.0234375 0.044270833333333336
3 0.4739583333333333 0.6354166666666666 0.014322916666666666 0.024739583333333332
3 0.46875 0.56640625 0.013020833333333334 0.01953125
3 0.5338541666666666 0.5455729166666666 0.015625 0.02734375
3 0.5013020833333334 0.5546875 0.013020833333333334 0.022135416666666668
3 0.54296875 0.6106770833333334 0.014322916666666666 0.026041666666666668
3 0.5091145833333334 0.6263020833333334 0.013020833333333334 0.022135416666666668