2 0.5481770833333334 0.60546875 0.08072916666666667 0.09635416666666667
0 0.7161458333333334 0.6484375 0.09635416666666667 0.14713541666666666
4 0.5234375 0.3151041666666667 0.028645833333333332 0.045572916666666664
4 0.55078125 0.3059895833333333 0.022135416666666668 0.046875
4 0.5299479166666666 0.3619791666666667 0.029947916666666668 0.040364583333333336
4 0.5598958333333334 0.3541666666666667 0.028645833333333332 0.052083333333333336
4 0.53125 0.4088541666666667 0.026041666666666668 0.046875
4 0.5611979166666666 0.4049479166666667 0.024739583333333332 0.048177083333333336
3 0.5924479166666666 0.2994791666666667 0.01953125 0.033854166666666664
3 0.62890625 0.2864583333333333 0.014322916666666666 0.037760416666666664
3 0.5950520833333334 0.359375 0.014322916666666666 0.037760416666666664
3 0.6354166666666666 0.34765625 0.016927083333333332 0.037760416666666664
3 0.6002604166666666 0.4153645833333333 0.020833333333333332 0.0390625
3 0.6393229166666666 0.4036458333333333 0.018229166666666668 0.037760416666666664