0 0.7591145833333334 0.6197916666666666 0.09375 0.13541666666666666
3 0.6940104166666666 0.3216145833333333 0.02734375 0.048177083333333336
3 0.6640625 0.3216145833333333 0.0234375 0.046875
3 0.63671875 0.3216145833333333 0.0234375 0.048177083333333336
3 0.6666666666666666 0.3776041666666667 0.02734375 0.049479166666666664
2 0.6302083333333334 0.55078125 0.018229166666666668 0.029947916666666668
3 0.63671875 0.3776041666666667 0.024739583333333332 0.048177083333333336
2 0.5638020833333334 0.5533854166666666 0.018229166666666668 0.03125
2 0.59765625 0.6236979166666666 0.015625 0.026041666666666668
2 0.5638020833333334 0.6236979166666666 0.01953125 0.028645833333333332
1 0.515625 0.3541666666666667 0.06770833333333333 0.09635416666666667
3 0.6966145833333334 0.3736979166666667 0.03125 0.053385416666666664
2 0.5989583333333334 0.5533854166666666 0.01953125 0.029947916666666668
2 0.6328125 0.6276041666666666 0.020833333333333332 0.03515625