4 0.57421875 0.3580729166666667 0.026041666666666668 0.049479166666666664
4 0.62890625 0.3541666666666667 0.024739583333333332 0.048177083333333336
4 0.5729166666666666 0.3046875 0.024739583333333332 0.046875
4 0.6002604166666666 0.3580729166666667 0.026041666666666668 0.044270833333333336
2 0.4739583333333333 0.5520833333333334 0.06901041666666667 0.09375
4 0.5963541666666666 0.30078125 0.024739583333333332 0.04296875
0 0.74609375 0.453125 0.07552083333333333 0.13802083333333334
4 0.6263020833333334 0.2981770833333333 0.0234375 0.046875
3 0.6171875 0.46484375 0.013020833333333334 0.0234375
3 0.5859375 0.4817708333333333 0.013020833333333334 0.026041666666666668
3 0.56640625 0.5638020833333334 0.013020833333333334 0.026041666666666668
3 0.5546875 0.5 0.010416666666666666 0.020833333333333332
3 0.5963541666666666 0.5494791666666666 0.01171875 0.020833333333333332
3 0.62890625 0.53125 0.014322916666666666 0.022135416666666668