2 0.6341145833333334 0.3138020833333333 0.07552083333333333 0.10026041666666667
4 0.5416666666666666 0.42578125 0.020833333333333332 0.04296875
4 0.53125 0.5377604166666666 0.022135416666666668 0.04296875
4 0.5130208333333334 0.3684895833333333 0.022135416666666668 0.044270833333333336
4 0.42578125 0.3971354166666667 0.022135416666666668 0.04296875
0 0.828125 0.5859375 0.09244791666666667 0.12890625
4 0.4700520833333333 0.3723958333333333 0.020833333333333332 0.04296875
4 0.7447916666666666 0.3463541666666667 0.018229166666666668 0.03125
1 0.4505208333333333 0.5065104166666666 0.01953125 0.040364583333333336
3 0.5221354166666666 0.625 0.015625 0.026041666666666668
1 0.44921875 0.6236979166666666 0.018229166666666668 0.033854166666666664
1 0.4231770833333333 0.5859375 0.018229166666666668 0.033854166666666664
3 0.5807291666666666 0.6666666666666666 0.015625 0.02734375
1 0.4778645833333333 0.5442708333333334 0.01953125 0.033854166666666664
3 0.5078125 0.6888020833333334 0.013020833333333334 0.0234375
1 0.4361979166666667 0.5481770833333334 0.020833333333333332 0.037760416666666664
3 0.5546875 0.6458333333333334 0.015625 0.0234375
1 0.4596354166666667 0.578125 0.01953125 0.036458333333333336
3 0.57421875 0.73046875 0.015625 0.024739583333333332
3 0.5377604166666666 0.7083333333333334 0.014322916666666666 0.037760416666666664