2 0.78125 0.3802083333333333 0.078125 0.09114583333333333
0 0.6953125 0.73828125 0.07942708333333333 0.12630208333333334
4 0.53125 0.5403645833333334 0.022135416666666668 0.041666666666666664
4 0.42578125 0.3971354166666667 0.0234375 0.04296875
4 0.54296875 0.42578125 0.020833333333333332 0.041666666666666664
4 0.70703125 0.5260416666666666 0.022135416666666668 0.041666666666666664
4 0.4713541666666667 0.3736979166666667 0.020833333333333332 0.040364583333333336
1 0.4505208333333333 0.5065104166666666 0.01953125 0.037760416666666664
3 0.5221354166666666 0.6263020833333334 0.014322916666666666 0.024739583333333332
3 0.5755208333333334 0.73046875 0.014322916666666666 0.0234375
3 0.5065104166666666 0.6888020833333334 0.013020833333333334 0.022135416666666668
3 0.5833333333333334 0.66796875 0.015625 0.028645833333333332
1 0.4192708333333333 0.5872395833333334 0.022135416666666668 0.036458333333333336
1 0.4778645833333333 0.5442708333333334 0.01953125 0.03515625
3 0.5546875 0.6484375 0.014322916666666666 0.0234375
1 0.4440104166666667 0.6236979166666666 0.0234375 0.04296875
1 0.4348958333333333 0.5481770833333334 0.020833333333333332 0.040364583333333336
1 0.4596354166666667 0.5807291666666666 0.0234375 0.0390625
4 0.70703125 0.4427083333333333 0.016927083333333332 0.033854166666666664
3 0.5390625 0.7109375 0.015625 0.029947916666666668