4 0.5911458333333334 0.5559895833333334 0.022135416666666668 0.046875
0 0.5625 0.3997395833333333 0.08203125 0.13541666666666666
4 0.6393229166666666 0.65625 0.0234375 0.044270833333333336
4 0.5442708333333334 0.5559895833333334 0.020833333333333332 0.045572916666666664
2 0.73046875 0.3307291666666667 0.059895833333333336 0.14192708333333334
4 0.4830729166666667 0.6028645833333334 0.0234375 0.048177083333333336
4 0.4453125 0.5716145833333334 0.022135416666666668 0.048177083333333336
4 0.78515625 0.4921875 0.022135416666666668 0.041666666666666664
1 0.61328125 0.7356770833333334 0.022135416666666668 0.0390625
1 0.61328125 0.7864583333333334 0.0234375 0.037760416666666664
1 0.5768229166666666 0.7864583333333334 0.01953125 0.033854166666666664
1 0.61328125 0.69140625 0.020833333333333332 0.0390625
3 0.5065104166666666 0.6471354166666666 0.014322916666666666 0.026041666666666668
1 0.5859375 0.6875 0.01953125 0.037760416666666664
1 0.58203125 0.7369791666666666 0.020833333333333332 0.0390625
3 0.4544270833333333 0.7096354166666666 0.014322916666666666 0.026041666666666668
3 0.4752604166666667 0.7760416666666666 0.014322916666666666 0.022135416666666668
3 0.5 0.7369791666666666 0.014322916666666666 0.0234375
3 0.53515625 0.70703125 0.016927083333333332 0.02734375
3 0.4830729166666667 0.6783854166666666 0.013020833333333334 0.026041666666666668