2 0.58984375 0.6575520833333334 0.08072916666666667 0.09895833333333333
4 0.62890625 0.3541666666666667 0.026041666666666668 0.048177083333333336
4 0.57421875 0.3580729166666667 0.024739583333333332 0.046875
4 0.5729166666666666 0.3046875 0.024739583333333332 0.046875
4 0.6276041666666666 0.2981770833333333 0.0234375 0.044270833333333336
3 0.5546875 0.5377604166666666 0.016927083333333332 0.02734375
4 0.6015625 0.3580729166666667 0.024739583333333332 0.049479166666666664
4 0.6002604166666666 0.2994791666666667 0.022135416666666668 0.044270833333333336
3 0.5533854166666666 0.4661458333333333 0.015625 0.028645833333333332
0 0.7356770833333334 0.4557291666666667 0.07682291666666667 0.125
3 0.5885416666666666 0.5377604166666666 0.015625 0.026041666666666668
3 0.62109375 0.5364583333333334 0.016927083333333332 0.03125
3 0.6197916666666666 0.46484375 0.016927083333333332 0.02734375
3 0.5872395833333334 0.4661458333333333 0.015625 0.026041666666666668