2 0.46484375 0.4622395833333333 0.06510416666666667 0.15494791666666666
4 0.4856770833333333 0.6041666666666666 0.020833333333333332 0.044270833333333336
4 0.5950520833333334 0.5598958333333334 0.0234375 0.045572916666666664
4 0.68359375 0.60546875 0.0234375 0.041666666666666664
4 0.6770833333333334 0.5091145833333334 0.0234375 0.04296875
4 0.7434895833333334 0.3359375 0.024739583333333332 0.040364583333333336
4 0.6419270833333334 0.6588541666666666 0.022135416666666668 0.0390625
0 0.8307291666666666 0.5846354166666666 0.09114583333333333 0.12760416666666666
1 0.4192708333333333 0.7903645833333334 0.022135416666666668 0.037760416666666664
1 0.39453125 0.7604166666666666 0.01953125 0.037760416666666664
1 0.4348958333333333 0.75390625 0.022135416666666668 0.040364583333333336
1 0.4270833333333333 0.67578125 0.01953125 0.040364583333333336
1 0.41015625 0.71875 0.022135416666666668 0.041666666666666664
1 0.44921875 0.7083333333333334 0.022135416666666668 0.0390625
3 0.5208333333333334 0.625 0.013020833333333334 0.024739583333333332
3 0.57421875 0.7291666666666666 0.014322916666666666 0.0234375
3 0.5807291666666666 0.6666666666666666 0.015625 0.026041666666666668
3 0.5065104166666666 0.6888020833333334 0.014322916666666666 0.0234375
3 0.5377604166666666 0.7122395833333334 0.013020833333333334 0.0234375
3 0.5520833333333334 0.6458333333333334 0.016927083333333332 0.029947916666666668