4 0.57421875 0.3580729166666667 0.026041666666666668 0.052083333333333336
4 0.62890625 0.3528645833333333 0.024739583333333332 0.049479166666666664
4 0.6015625 0.3580729166666667 0.026041666666666668 0.046875
4 0.5716145833333334 0.3033854166666667 0.024739583333333332 0.046875
4 0.59765625 0.30078125 0.024739583333333332 0.044270833333333336
2 0.47265625 0.5546875 0.06510416666666667 0.09505208333333333
0 0.734375 0.45703125 0.08072916666666667 0.12369791666666667
4 0.6276041666666666 0.2981770833333333 0.024739583333333332 0.048177083333333336
3 0.5520833333333334 0.5 0.014322916666666666 0.024739583333333332
3 0.5859375 0.4817708333333333 0.013020833333333334 0.024739583333333332
3 0.6158854166666666 0.4622395833333333 0.015625 0.028645833333333332
3 0.5638020833333334 0.56640625 0.013020833333333334 0.024739583333333332
3 0.59765625 0.5494791666666666 0.015625 0.022135416666666668
3 0.6302083333333334 0.5299479166666666 0.013020833333333334 0.0234375