0 0.76171875 0.6197916666666666 0.08723958333333333 0.13151041666666666
2 0.5690104166666666 0.3684895833333333 0.09635416666666667 0.1328125
4 0.6770833333333334 0.3684895833333333 0.02734375 0.048177083333333336
3 0.5651041666666666 0.6236979166666666 0.020833333333333332 0.03125
3 0.62890625 0.55078125 0.018229166666666668 0.032552083333333336
4 0.6588541666666666 0.32421875 0.029947916666666668 0.05078125
3 0.5638020833333334 0.5520833333333334 0.018229166666666668 0.032552083333333336
3 0.59765625 0.62109375 0.016927083333333332 0.02734375
4 0.72265625 0.2981770833333333 0.024739583333333332 0.048177083333333336
3 0.59765625 0.5520833333333334 0.018229166666666668 0.03125
4 0.6979166666666666 0.2630208333333333 0.024739583333333332 0.049479166666666664
4 0.69921875 0.3333333333333333 0.024739583333333332 0.044270833333333336
3 0.6341145833333334 0.6223958333333334 0.022135416666666668 0.02734375