2 0.7265625 0.3424479166666667 0.06380208333333333 0.13932291666666666
0 0.6067708333333334 0.359375 0.08072916666666667 0.140625
4 0.4817708333333333 0.6015625 0.022135416666666668 0.048177083333333336
4 0.5911458333333334 0.5546875 0.022135416666666668 0.045572916666666664
4 0.6458333333333334 0.5325520833333334 0.0234375 0.044270833333333336
4 0.484375 0.3606770833333333 0.020833333333333332 0.041666666666666664
4 0.43359375 0.3268229166666667 0.020833333333333332 0.041666666666666664
4 0.6380208333333334 0.65625 0.022135416666666668 0.04296875
3 0.4622395833333333 0.46484375 0.015625 0.02734375
3 0.3997395833333333 0.4583333333333333 0.014322916666666666 0.02734375
3 0.43359375 0.4622395833333333 0.014322916666666666 0.02734375
3 0.4583333333333333 0.5338541666666666 0.016927083333333332 0.02734375
1 0.4453125 0.71484375 0.020833333333333332 0.040364583333333336
3 0.39453125 0.5247395833333334 0.015625 0.026041666666666668
3 0.4270833333333333 0.5299479166666666 0.015625 0.024739583333333332
1 0.43359375 0.828125 0.020833333333333332 0.037760416666666664
1 0.4674479166666667 0.75390625 0.0234375 0.040364583333333336
1 0.41015625 0.7916666666666666 0.022135416666666668 0.040364583333333336
1 0.4518229166666667 0.7903645833333334 0.022135416666666668 0.04296875
1 0.4244791666666667 0.75390625 0.024739583333333332 0.044270833333333336