2 0.4635416666666667 0.4088541666666667 0.055989583333333336 0.13802083333333334
0 0.76171875 0.6197916666666666 0.0859375 0.13020833333333334
4 0.609375 0.4622395833333333 0.028645833333333332 0.046875
4 0.6432291666666666 0.4596354166666667 0.026041666666666668 0.045572916666666664
4 0.6028645833333334 0.3671875 0.026041666666666668 0.046875
4 0.6380208333333334 0.3658854166666667 0.026041666666666668 0.048177083333333336
4 0.6041666666666666 0.41796875 0.028645833333333332 0.044270833333333336
3 0.5651041666666666 0.6236979166666666 0.020833333333333332 0.029947916666666668
3 0.5651041666666666 0.5520833333333334 0.018229166666666668 0.03125
3 0.62890625 0.55078125 0.018229166666666668 0.03125
4 0.6380208333333334 0.4114583333333333 0.028645833333333332 0.044270833333333336
3 0.59765625 0.5520833333333334 0.016927083333333332 0.029947916666666668
3 0.59765625 0.6223958333333334 0.016927083333333332 0.02734375
3 0.6302083333333334 0.62109375 0.01953125 0.029947916666666668