3 0.6380208333333334 0.36328125 0.024739583333333332 0.046875
3 0.60546875 0.3658854166666667 0.024739583333333332 0.046875
0 0.76171875 0.6197916666666666 0.08854166666666667 0.13020833333333334
3 0.6393229166666666 0.41015625 0.02734375 0.045572916666666664
3 0.6106770833333334 0.4635416666666667 0.02734375 0.045572916666666664
3 0.6432291666666666 0.4583333333333333 0.024739583333333332 0.046875
3 0.60546875 0.41796875 0.02734375 0.041666666666666664
2 0.62890625 0.55078125 0.01953125 0.029947916666666668
2 0.5638020833333334 0.5520833333333334 0.018229166666666668 0.03125
2 0.5651041666666666 0.6236979166666666 0.020833333333333332 0.029947916666666668
2 0.59765625 0.6223958333333334 0.016927083333333332 0.026041666666666668
2 0.5989583333333334 0.55859375 0.013020833333333334 0.029947916666666668
2 0.6328125 0.625 0.020833333333333332 0.028645833333333332
1 0.4713541666666667 0.3971354166666667 0.05078125 0.140625