4 0.5338541666666666 0.3723958333333333 0.0234375 0.045572916666666664
4 0.5572916666666666 0.3684895833333333 0.026041666666666668 0.049479166666666664
4 0.5859375 0.3658854166666667 0.029947916666666668 0.053385416666666664
4 0.5325520833333334 0.42578125 0.026041666666666668 0.04296875
4 0.5625 0.43359375 0.02734375 0.0546875
4 0.5924479166666666 0.4244791666666667 0.028645833333333332 0.046875
3 0.6419270833333334 0.3450520833333333 0.0234375 0.040364583333333336
3 0.64453125 0.4075520833333333 0.018229166666666668 0.037760416666666664
3 0.7174479166666666 0.3997395833333333 0.015625 0.03515625
2 0.5559895833333334 0.6276041666666666 0.08072916666666667 0.09895833333333333
0 0.74609375 0.64453125 0.10286458333333333 0.15104166666666666