2 0.7786458333333334 0.37890625 0.07942708333333333 0.09895833333333333
0 0.6927083333333334 0.7369791666666666 0.08333333333333333 0.13151041666666666
4 0.6002604166666666 0.4856770833333333 0.022135416666666668 0.04296875
4 0.65625 0.4765625 0.024739583333333332 0.045572916666666664
4 0.6953125 0.44140625 0.024739583333333332 0.04296875
4 0.4713541666666667 0.37109375 0.020833333333333332 0.046875
4 0.7057291666666666 0.5247395833333334 0.0234375 0.041666666666666664
3 0.5091145833333334 0.5403645833333334 0.014322916666666666 0.024739583333333332
3 0.5052083333333334 0.4700520833333333 0.014322916666666666 0.0234375
3 0.4765625 0.5416666666666666 0.014322916666666666 0.022135416666666668
3 0.44140625 0.5403645833333334 0.014322916666666666 0.0234375
3 0.4453125 0.46875 0.014322916666666666 0.0234375
3 0.4765625 0.4713541666666667 0.013020833333333334 0.022135416666666668
1 0.5859375 0.33984375 0.022135416666666668 0.037760416666666664
1 0.5416666666666666 0.3359375 0.018229166666666668 0.033854166666666664
1 0.5533854166666666 0.3697916666666667 0.020833333333333332 0.037760416666666664
1 0.5247395833333334 0.2903645833333333 0.01953125 0.032552083333333336
1 0.56640625 0.3020833333333333 0.0234375 0.036458333333333336