4 0.58984375 0.5559895833333334 0.0234375 0.045572916666666664
4 0.6380208333333334 0.64453125 0.022135416666666668 0.044270833333333336
2 0.73046875 0.33203125 0.06510416666666667 0.14322916666666666
4 0.5442708333333334 0.5572916666666666 0.022135416666666668 0.045572916666666664
4 0.4466145833333333 0.5703125 0.022135416666666668 0.044270833333333336
0 0.5625 0.3997395833333333 0.08463541666666667 0.13802083333333334
4 0.4830729166666667 0.6028645833333334 0.022135416666666668 0.044270833333333336
4 0.7838541666666666 0.4908854166666667 0.024739583333333332 0.04296875
1 0.7330729166666666 0.7252604166666666 0.0234375 0.041666666666666664
1 0.7447916666666666 0.8229166666666666 0.024739583333333332 0.041666666666666664
1 0.7044270833333334 0.7786458333333334 0.0234375 0.04296875
1 0.703125 0.73046875 0.0234375 0.041666666666666664
1 0.7369791666666666 0.7734375 0.024739583333333332 0.041666666666666664
3 0.6106770833333334 0.7369791666666666 0.015625 0.026041666666666668
1 0.7083333333333334 0.8229166666666666 0.0234375 0.04296875
3 0.5872395833333334 0.7890625 0.015625 0.02734375
3 0.578125 0.6953125 0.015625 0.029947916666666668
3 0.5390625 0.7942708333333334 0.014322916666666666 0.02734375
3 0.5703125 0.8359375 0.014322916666666666 0.024739583333333332
3 0.5559895833333334 0.7421875 0.016927083333333332 0.03125