2 0.4596354166666667 0.4635416666666667 0.0703125 0.15755208333333334
4 0.5963541666666666 0.5598958333333334 0.022135416666666668 0.045572916666666664
4 0.4869791666666667 0.60546875 0.022135416666666668 0.048177083333333336
4 0.6770833333333334 0.5078125 0.024739583333333332 0.045572916666666664
4 0.6848958333333334 0.6067708333333334 0.022135416666666668 0.041666666666666664
4 0.6432291666666666 0.6588541666666666 0.022135416666666668 0.040364583333333336
1 0.4192708333333333 0.7903645833333334 0.022135416666666668 0.0390625
1 0.42578125 0.6770833333333334 0.022135416666666668 0.041666666666666664
3 0.5221354166666666 0.625 0.014322916666666666 0.024739583333333332
1 0.4348958333333333 0.7526041666666666 0.0234375 0.041666666666666664
1 0.39453125 0.7578125 0.020833333333333332 0.040364583333333336
1 0.41015625 0.71875 0.0234375 0.04296875
3 0.5807291666666666 0.6666666666666666 0.015625 0.026041666666666668
3 0.5065104166666666 0.6901041666666666 0.014322916666666666 0.024739583333333332
1 0.4518229166666667 0.7083333333333334 0.022135416666666668 0.0390625
3 0.57421875 0.7291666666666666 0.015625 0.0234375
3 0.5533854166666666 0.6484375 0.015625 0.026041666666666668
3 0.5078125 0.421875 0.015625 0.0390625
3 0.5390625 0.7122395833333334 0.014322916666666666 0.02734375