0 0.74609375 0.6458333333333334 0.09765625 0.1328125
4 0.4856770833333333 0.62109375 0.026041666666666668 0.05078125
4 0.51171875 0.6263020833333334 0.026041666666666668 0.049479166666666664
3 0.60546875 0.36328125 0.015625 0.032552083333333336
4 0.5143229166666666 0.6809895833333334 0.026041666666666668 0.05078125
4 0.4856770833333333 0.6809895833333334 0.026041666666666668 0.05078125
3 0.5377604166666666 0.36328125 0.015625 0.03125
3 0.5377604166666666 0.4309895833333333 0.018229166666666668 0.032552083333333336
4 0.4557291666666667 0.67578125 0.026041666666666668 0.05078125
3 0.6080729166666666 0.4309895833333333 0.015625 0.033854166666666664
4 0.4596354166666667 0.6236979166666666 0.0234375 0.049479166666666664
3 0.57421875 0.4322916666666667 0.018229166666666668 0.028645833333333332
3 0.5716145833333334 0.36328125 0.015625 0.028645833333333332
2 0.59375 0.6692708333333334 0.07421875 0.10026041666666667