0 0.7591145833333334 0.6197916666666666 0.08984375 0.1328125
4 0.60546875 0.4244791666666667 0.026041666666666668 0.048177083333333336
4 0.6393229166666666 0.4296875 0.02734375 0.044270833333333336
4 0.60546875 0.4739583333333333 0.02734375 0.046875
4 0.63671875 0.4778645833333333 0.026041666666666668 0.045572916666666664
4 0.6067708333333334 0.37890625 0.026041666666666668 0.044270833333333336
4 0.6432291666666666 0.3828125 0.02734375 0.044270833333333336
2 0.4713541666666667 0.4036458333333333 0.055989583333333336 0.14453125
3 0.4908854166666667 0.60546875 0.015625 0.029947916666666668
3 0.5208333333333334 0.5807291666666666 0.015625 0.02734375
3 0.5533854166666666 0.5638020833333334 0.014322916666666666 0.03125
3 0.50390625 0.6692708333333334 0.015625 0.032552083333333336
3 0.53515625 0.6484375 0.015625 0.028645833333333332
3 0.5651041666666666 0.6276041666666666 0.01171875 0.024739583333333332