0 0.765625 0.6223958333333334 0.08333333333333333 0.13671875
4 0.57421875 0.35546875 0.024739583333333332 0.046875
4 0.6015625 0.40625 0.024739583333333332 0.05078125
4 0.5729166666666666 0.41015625 0.026041666666666668 0.046875
4 0.6263020833333334 0.40625 0.026041666666666668 0.052083333333333336
3 0.5638020833333334 0.5546875 0.013020833333333334 0.02734375
4 0.5989583333333334 0.3515625 0.022135416666666668 0.046875
3 0.6328125 0.55078125 0.014322916666666666 0.026041666666666668
4 0.62109375 0.3580729166666667 0.024739583333333332 0.046875
2 0.4752604166666667 0.5559895833333334 0.07421875 0.09505208333333333
3 0.5651041666666666 0.6236979166666666 0.014322916666666666 0.029947916666666668
3 0.6002604166666666 0.625 0.018229166666666668 0.024739583333333332
3 0.59765625 0.5546875 0.014322916666666666 0.026041666666666668
3 0.6341145833333334 0.6236979166666666 0.016927083333333332 0.029947916666666668