2 0.5924479166666666 0.6666666666666666 0.07552083333333333 0.09635416666666667
0 0.74609375 0.6419270833333334 0.09375 0.13802083333333334
4 0.4869791666666667 0.6223958333333334 0.024739583333333332 0.052083333333333336
4 0.5104166666666666 0.6263020833333334 0.024739583333333332 0.05078125
4 0.4609375 0.6223958333333334 0.0234375 0.049479166666666664
4 0.515625 0.6809895833333334 0.026041666666666668 0.049479166666666664
4 0.45703125 0.6744791666666666 0.0234375 0.049479166666666664
4 0.4895833333333333 0.6809895833333334 0.024739583333333332 0.048177083333333336
3 0.7109375 0.3385416666666667 0.01953125 0.03125
3 0.6783854166666666 0.41015625 0.015625 0.029947916666666668
3 0.6471354166666666 0.4127604166666667 0.018229166666666668 0.03125
3 0.7109375 0.40234375 0.018229166666666668 0.033854166666666664
3 0.6458333333333334 0.3411458333333333 0.016927083333333332 0.028645833333333332
3 0.67578125 0.33984375 0.016927083333333332 0.028645833333333332