0 0.76171875 0.6197916666666666 0.08723958333333333 0.13020833333333334
2 0.47265625 0.4609375 0.06901041666666667 0.09244791666666667
4 0.6276041666666666 0.4075520833333333 0.026041666666666668 0.05078125
4 0.5729166666666666 0.40625 0.026041666666666668 0.05078125
4 0.5729166666666666 0.35546875 0.024739583333333332 0.045572916666666664
4 0.6276041666666666 0.35546875 0.02734375 0.046875
3 0.5651041666666666 0.625 0.020833333333333332 0.029947916666666668
4 0.5989583333333334 0.3528645833333333 0.022135416666666668 0.044270833333333336
4 0.5989583333333334 0.4075520833333333 0.024739583333333332 0.049479166666666664
3 0.5651041666666666 0.5533854166666666 0.018229166666666668 0.029947916666666668
3 0.62890625 0.55078125 0.018229166666666668 0.03125
3 0.59765625 0.6223958333333334 0.016927083333333332 0.02734375
3 0.59765625 0.5533854166666666 0.016927083333333332 0.028645833333333332
3 0.6315104166666666 0.6223958333333334 0.018229166666666668 0.029947916666666668